Time (s),x,y,z
537261293109,-2.4469814,-1.1683947,9.813677
537263816807,-4.199274,-0.042519744,8.8650675
537266340505,9.346559,0.909683,10.813789
537268864255,-7.6355877,-1.552869,9.316016
537271387953,2.0044167,0.85698247,9.494479
537273911651,5.8192163,-0.14851967,10.362841
537276435349,-9.339971,-1.1588128,9.137553
537278959047,7.6948757,1.3372759,10.029869
537281482745,-0.6006662,-0.9761575,9.898716
537284006443,-6.1432047,-0.44256467,9.076468
537286530140,9.814875,1.2510387,10.414942
537289053838,-6.6941648,-1.6786315,9.598682
537291577536,0.079050794,0.7216379,9.274096
537294101130,7.172662,0.047909573,10.448479
537296624776,-9.264513,-1.3612307,9.213011
537299148422,6.407306,1.3468578,9.837631
537301672068,0.8264401,-0.7162481,10.109518
537304195713,-6.703148,-0.6875023,9.039338
537306719359,9.236366,1.2797844,10.377812
537309243005,-5.558708,-1.4857956,9.5980835
537311766651,-0.80607855,0.5533555,9.203428
537314290297,7.1636786,0.21199985,10.467044
537316813943,-8.507542,-1.1875585,9.297451
537319337588,5.521578,1.1594117,9.771756
537321861234,1.1085078,-0.56712955,10.133473
537324384880,-6.4013176,-0.6443837,9.100423
537326908526,8.590186,0.9959202,10.311936
537329432172,-5.0514655,-1.2743946,9.644795
537331955818,-0.67193174,0.49586406,9.264513
537334479463,6.6181083,0.10120897,10.462253
537337003109,-7.9619718,-1.0528128,9.348954
537339526755,5.43594,1.0438298,9.823258
537342050401,0.86476773,-0.58150244,10.062806
537344574047,-5.9803123,-0.5575476,9.067485
537347097693,8.288356,0.909683,10.330502
537349621338,-5.1377025,-1.2648127,9.602875
537352144984,-0.42280197,0.5102369,9.236366
537354668578,6.330651,-0.019163828,10.386795
537357192224,-7.8853164,-1.0096942,9.302242
537359715870,5.535951,1.0683835,9.813677
537362239515,0.6252199,-0.6731295,10.128682
537364763161,-5.783883,-0.4952652,9.024965
537367286807,8.321893,0.9384287,10.330502
537369810453,-5.310177,-1.2839766,9.6310215
537372334099,-0.1934349,0.5677284,9.278886
537374857745,6.2587867,-0.0670734,10.467044
537377381390,-7.9763446,-0.99532133,9.302242
537379905036,5.7084255,1.0827563,9.804693
537382428682,0.4575364,-0.71145713,10.053225
537384952328,-5.7216005,-0.5096381,9.067485
537387475974,8.403338,0.9623835,10.292772
537389999620,-5.434742,-1.331886,9.635813
537392523265,-0.08324288,0.60665494,9.259723
537395046911,6.22525,-0.043118615,10.401168
537397570557,-8.04761,-1.0629936,9.33518
537400094203,5.866527,1.1546206,9.82805
537402617849,0.41920874,-0.7162481,10.067597
537405141495,-5.664109,-0.48089233,9.071677
537407665140,8.432084,1.0007112,10.32571
537410188786,-5.549126,-1.3803945,9.677733
537412712432,-0.020960437,0.64977354,9.254931
537415236078,6.186922,-0.119773924,10.396377
537417759672,-8.071565,-1.03844,9.259723
537420283318,5.8856907,1.1402478,9.818468
537422806963,0.31440654,-0.8126661,10.090954
537425330609,-5.6401544,-0.5288019,9.118988
537427854255,8.451248,0.9767564,10.330502
537430377901,-5.635363,-1.3756036,9.602875
537432901547,0.0748587,0.6210278,9.274096
537435425193,6.1396117,-0.095819145,10.457461
537437948838,-8.10031,-1.033649,9.302242
537440472484,5.995883,1.1785754,9.804693
537442996130,0.17067784,-0.7743384,10.049032
537445519776,-5.5682898,-0.48568326,9.029757
537448043422,8.446457,0.9863383,10.335292
537450567068,-5.7072277,-1.3947674,9.692106
537453090713,0.15151402,0.6785193,9.358536
537455614359,6.0246286,-0.057491485,10.424523
537458138005,-8.090729,-1.0192761,9.269304
537460661651,6.1300297,1.1546206,9.832841
537463185297,0.08923157,-0.80787516,10.072389
537465708943,-5.5107985,-0.39405623,9.090841
537468232588,8.465621,1.0007112,10.349066
537470756234,-5.759928,-1.4235132,9.62623
537473279880,0.31440654,0.6976831,9.274096
537475803526,5.995883,-0.057491485,10.386795
537478327120,-8.119474,-1.033649,9.325598
537480850765,6.206086,1.1450387,9.870569
537483374411,-0.020960437,-0.8126661,10.072389
537485898057,-5.434742,-0.42280197,9.04353
537488421703,8.460831,0.94321966,10.358648
537490945349,-5.8749113,-1.4330951,9.682525
537493468995,0.40962684,0.74080175,9.287869
537495992640,5.9192276,-0.12935585,10.443089
537498516286,-8.109893,-1.0432309,9.25014
537501039932,6.2827415,1.1306659,9.902908
537503563578,-0.15989819,-0.8462028,9.99214
537506087224,-5.3628774,-0.39884716,9.081259
537508610870,8.460831,0.9384287,10.358648
537511134515,-5.994685,-1.3947674,9.635813
537513658161,0.5533555,0.7216379,9.302242
537516181807,5.8138266,-0.16828237,10.434106
537518705453,-8.129056,-1.0096942,9.344163
537521229099,6.3641877,1.1354568,9.9077
537523752745,-0.29883596,-0.86536664,10.049032
537526276390,-5.247895,-0.3653105,9.067485
537528800036,8.513531,0.95759255,10.32571
537531323682,-6.0425944,-1.4474679,9.6310215
537533847328,0.6252199,0.7557735,9.344163
537536370974,5.737171,-0.16349141,10.405959
537538894568,-8.124266,-1.03844,9.278886
537541418213,6.421679,1.1546206,9.9077
537543941859,-0.38926527,-0.8557847,9.99214
537546465505,-5.1568666,-0.34135568,9.04353
537548989151,8.446457,0.9384287,10.414942
537551512797,-6.1330237,-1.4235132,9.616649
537554036443,0.78811246,0.7360108,9.278886
537556560088,5.598233,-0.13893776,10.401168
537559083734,-8.114683,-0.99532133,9.226785
537561607380,6.551035,1.1689935,9.9077
537564131026,-0.4946663,-0.8989033,9.996931
537566654672,-5.0323014,-0.29284725,9.062695
537569178318,8.479994,0.9192649,10.340083
537571701963,-6.243216,-1.4762137,9.616649
537574225609,0.9078864,0.7455927,9.325598
537576749255,5.535951,-0.18744619,10.44788
537579272901,-8.153011,-0.96657556,9.269304
537581796547,6.656436,1.2079201,9.865778
537584320193,-0.6527679,-0.8893214,10.001721
537586843838,-4.9939737,-0.25451958,9.024965
537589367484,8.427294,0.93363774,10.391586
537591891130,-6.348617,-1.4426769,9.654377
537594414776,1.0366434,0.7845192,9.325598
537596938422,5.469476,-0.18265525,10.401168
537599462068,-8.09552,-1.0096942,9.254931
537601985661,6.766628,1.2222929,9.935846
537604509307,-0.7773328,-0.9426208,10.020885
537607032953,-4.9029455,-0.2641015,9.057903
537609556599,8.456039,0.8515926,10.358648
537612080245,-6.4252725,-1.4714227,9.62144
537614603890,1.1516263,0.7988921,9.320807
537617127536,5.306584,-0.20661002,10.358648
537619651182,-8.090729,-1.0288581,9.184864
537622174828,6.8618484,1.116293,9.884343
537624698474,-0.8587791,-1.0049032,9.959801
537627222120,-4.755025,-0.24493769,9.071677
537629745765,8.427294,0.8659655,10.405959
537632269411,-6.540255,-1.4330951,9.62144
537634793057,1.2809821,0.85638356,9.330389
537637316703,5.273047,-0.20661002,10.373021
537639840349,-8.081147,-1.0144851,9.198638
537642363995,6.914549,1.1642026,9.917281
537644887640,-1.0114908,-0.9905304,9.968784
537647411286,-4.6687875,-0.17786428,9.062695
537649934932,8.432084,0.8228469,10.330502
537652458578,-6.569001,-1.4474679,9.550773
537654982224,1.4486656,0.84201074,9.311225
537657505870,5.1341095,-0.24014673,10.382004
537660029515,-8.061983,-0.9569937,9.264513
537662553109,7.0534863,1.1881573,9.950219
537665076755,-1.1791743,-1.0288581,9.935846
537667600401,-4.5681777,-0.17307332,9.057903
537670124047,8.456039,0.85638356,10.410151
537672647640,-6.71273,-1.4235132,9.62144
537675171286,1.5540667,0.8659655,9.381891
537677694932,5.023917,-0.24493769,10.363439
537680218578,-8.052402,-1.024067,9.20822
537682742224,7.091814,1.1546206,9.983157
537685265870,-1.2893664,-0.99532133,10.011304
537687789515,-4.434031,-0.110192016,9.132762
537690313161,8.379384,0.8372198,10.467044
537692836807,-6.8271136,-1.4714227,9.578919
537695360401,1.7211514,0.88512933,9.363327
537697884047,4.932889,-0.24493769,10.36823
537700407693,-8.04761,-0.96657556,9.259723
537702931338,7.22117,1.1498297,10.034659
537705454984,-1.3803945,-1.0288581,9.978366
537707978630,-4.3621664,-0.09102818,9.109406
537710502276,8.403338,0.8228469,10.452671
537713025922,-6.8654413,-1.4426769,9.607067
537715549568,1.7786428,0.8995022,9.3866825
537718073161,4.789759,-0.24972863,10.382004
537720596807,-8.04761,-0.9330389,9.226785
537723120453,7.2930346,1.1498297,9.978366
537725644099,-1.543287,-1.130067,9.959801
537728167745,-4.2088556,-0.07186436,9.048322
537730691390,8.36022,0.7988921,10.405959
537733215036,-6.879814,-1.4810046,9.5980835
537735738682,1.9463264,0.91447395,9.358536
537738262328,4.698731,-0.28326535,10.340083
537740785922,-8.009881,-0.99532133,9.259723
537743309568,7.2930346,1.1498297,10.001721
537745833213,-1.6576711,-1.1013212,9.874762
537748356859,-4.0896807,-0.052700527,8.982446
537750880505,8.31231,0.8372198,10.391586
537753404151,-6.9900064,-1.5001684,9.546581
537755927797,2.1092188,0.8995022,9.37231
537758451443,4.555002,-0.28805628,10.330502
537760975088,-7.9907174,-0.9569937,9.226785
537763498682,7.3792715,1.1737845,9.996931
537766022328,-1.8061908,-1.130067,9.950219
537768545974,-3.9986525,0.014971741,9.029757
537771069620,8.302729,0.8324288,10.462253
537773593265,-7.0474977,-1.5151402,9.588502
537776116911,2.2433658,0.9288468,9.381891
537778640557,4.4160647,-0.28326535,10.32571
537781164203,-7.923644,-0.918666,9.184864
537783687797,7.546356,1.1354568,10.016094
537786211443,-1.9403377,-1.1683947,9.91249
537788735088,-3.8932514,0.043717485,9.034547
537791258734,8.264401,0.7653554,10.386795
537793782380,-7.143317,-1.5199311,9.578919
537796306026,2.333795,0.9528016,9.457349
537798829672,4.296291,-0.30302805,10.373021
537801353318,-7.8948984,-0.918666,9.203428
537803876963,7.603848,1.1354568,10.025078
537806400557,-2.0649025,-1.1971405,9.879553
537808924203,-3.7830596,0.04850844,9.076468
537811447849,8.226073,0.76056445,10.438298
537813971495,-7.152899,-1.5103493,9.588502
537816495140,2.5062695,0.9671745,9.4525585
537819018786,4.1627426,-0.30302805,10.32571
537821542432,-7.9092712,-0.918666,9.193847
537824066078,7.6373844,1.1785754,10.067597
537826589724,-2.2277951,-1.1683947,9.832841
537829113318,-3.6872404,0.0868361,9.011191
537831636963,8.192536,0.7360108,10.419733
537834160609,-7.267882,-1.5247221,9.54179
537836684255,2.6404161,0.9528016,9.377101
537839207901,4.0429688,-0.30781898,10.340083
537841731547,-7.8565707,-0.9282479,9.151926
537844255193,7.7427855,1.1306659,10.049032
537846778838,-2.370925,-1.1636037,9.945428
537849302484,-3.5530934,0.120372795,9.015384
537851826078,8.158999,0.7216379,10.44788
537854349724,-7.3445373,-1.5247221,9.54179
537856873370,2.769772,0.95759255,9.405248
537859397015,3.913613,-0.28326535,10.340083
537861920661,-7.727215,-0.92345697,9.175282
537864444307,7.809859,1.1258749,10.086163
537866967953,-2.4619532,-1.2019314,9.870569
537869491599,-3.4195457,0.13474567,9.034547
537872015245,8.091927,0.6401916,10.476027
537874538838,-7.349328,-1.4953774,9.536999
537877062484,2.894337,1.0294569,9.405248
537879586130,3.7650933,-0.32698283,10.32571
537882109776,-7.746379,-0.8462028,9.213011
537884633422,7.809859,1.0635924,10.138264
537887157068,-2.6200547,-1.2600217,9.898716
537889680713,-3.3141446,0.13474567,9.04353
537892204359,8.096718,0.6689374,10.499382
537894728005,-7.4253845,-1.4570498,9.522626
537897251599,3.00393,1.0198749,9.4525585
537899775245,3.6022007,-0.34614664,10.335292
537902298890,-7.6793056,-0.85099375,9.203428
537904822536,7.924842,1.1306659,10.128682
537907346182,-2.7494104,-1.2600217,9.879553
537909869828,-3.1847887,0.19762698,9.057903
537912393474,8.011079,0.6641464,10.504173
537914917120,-7.4732943,-1.5151402,9.54179
537917440765,3.1380768,1.0198749,9.471124
537919964359,3.4973986,-0.36051953,10.307145
537922488005,-7.607441,-0.83662087,9.12857
537925011651,7.9775424,1.111502,10.119101
537927535297,-2.8548117,-1.2360669,9.870569
537930058943,-3.0745966,0.22158177,9.053112
537932582588,7.9871244,0.6641464,10.480818
537935106234,-7.5068307,-1.4666318,9.532208
537937629880,3.3249242,0.9911292,9.457349
537940153526,3.358461,-0.39884716,10.292772
537942677120,-7.5739045,-0.8462028,9.198638
537945200765,8.020661,1.121084,10.114309
537947724411,-2.9835684,-1.2935584,9.813677
537950248057,-2.94045,0.24553655,9.053112
537952771703,7.9392147,0.6354007,10.467044
537955295349,-7.5786953,-1.5103493,9.555564
537957818995,3.4351163,1.0588015,9.560355
537960342640,3.2243142,-0.34135568,10.28379
537962866234,-7.4589214,-0.8126661,9.1423435
537965389880,8.06378,1.1306659,10.123891
537967913526,-3.1320882,-1.3223041,9.8424225
537970437172,-2.7542014,0.25511846,9.090841
537972960818,7.8625593,0.54377365,10.429315
537975484463,-7.640978,-1.4857956,9.480705
537978008109,3.5309353,1.0540105,9.508852
537980531755,3.0949583,-0.3844743,10.259834
537983055401,-7.430176,-0.85099375,9.081259
537985578995,8.111091,1.1258749,10.142456
537988102640,-3.2853987,-1.2743946,9.851405
537990626286,-2.6535914,0.27907324,9.015384
537993149932,7.7571583,0.52940077,10.508965
537995673578,-7.6745143,-1.4905865,9.550773
537998197224,3.69802,1.0540105,9.504061
538000720870,2.9464386,-0.39884716,10.24606
538003244515,-7.3780737,-0.822248,9.118988
538005768161,8.182955,1.116293,10.156829
538008291755,-3.4243367,-1.3175132,9.8424225
538010815401,-2.5577722,0.23116368,9.057903
538013339047,7.709249,0.5341917,10.508965
538015862693,-7.732006,-1.4522588,9.494479
538018386338,3.79863,1.0486207,9.532208
538020909984,2.788936,-0.4419658,10.264626
538023433630,-7.349328,-0.8030842,9.12857
538025957276,8.182955,1.1354568,10.123891
538028480922,-3.5243478,-1.3223041,9.79032
538031004515,-2.3996706,0.3371636,9.071677
538033528161,7.7188306,0.500655,10.476027
538036051807,-7.80387,-1.4570498,9.494479
538038575453,3.937568,1.1258749,9.546581
538041099099,2.6739528,-0.4084291,10.255643
538043622745,-7.277464,-0.8030842,9.132762
538046146390,8.25961,1.1354568,10.184976
538048670036,-3.6584947,-1.3223041,9.851405
538051193682,-2.2990606,0.3707003,9.029757
538053717276,7.608639,0.44735563,10.424523
538056240922,-7.8948984,-1.3851855,9.480705
538058764568,4.0190144,1.0683835,9.555564
538061288213,2.535015,-0.49047422,10.28858
538063811859,-7.2343454,-0.80787516,9.151926
538066335505,8.278774,1.0635924,10.194558
538068859151,-3.7734776,-1.3756036,9.804693
538071382797,-2.1703036,0.33237264,9.067485
538073906443,7.594266,0.40902796,10.429315
538076430036,-7.9044805,-1.3510499,9.363327
538078953682,4.1866975,1.116293,9.527417
538081477328,2.4152412,-0.48089233,10.274207
538084000974,-7.1097803,-0.74978477,9.123779
538086524620,8.403338,1.106711,10.231688
538089048265,-3.8740876,-1.3127222,9.799903
538091571911,-2.0217838,0.43298274,9.04353
538094095557,7.4936557,0.41381893,10.429315
538096619203,-7.933226,-1.3079313,9.447767
538099142797,4.353782,1.0779654,9.560355
538101666443,2.3002582,-0.51442903,10.203541
538104190088,-7.066662,-0.7887113,9.095632
538106713734,8.365011,1.1258749,10.213122
538109237380,-4.0321894,-1.3175132,9.79032
538111761026,-1.8445184,0.44256467,9.109406
538114284672,7.440955,0.35632744,10.53232
538116808318,-7.923644,-1.2839766,9.466332
538119331963,4.4448104,1.0971292,9.5980835
538121855557,2.1331737,-0.5288019,10.250852
538124379203,-6.9325147,-0.7449938,9.109406
538126902849,8.446457,1.0875473,10.156829
538129426495,-4.156754,-1.3851855,9.795112
538131950140,-1.7486993,0.46232736,9.12857
538134473786,7.4128084,0.32279074,10.414942
538136997432,-8.000299,-1.3510499,9.438186
538139521078,4.607703,1.1306659,9.644795
538142044724,1.9559082,-0.51922,10.264626
538144568318,-6.9420967,-0.69708425,9.147135
538147091963,8.470412,1.121084,10.231688
538149615609,-4.304675,-1.3564397,9.804693
538152139255,-1.6097616,0.42819178,9.114197
538154662901,7.2930346,0.2838642,10.438298
538157186547,-8.033237,-1.2983494,9.438186
538159710193,4.6556125,1.1306659,9.616649
538162233838,1.8073885,-0.5623386,10.231688
538164757484,-6.8366957,-0.7018752,9.104615
538167281286,8.499158,1.0923382,10.222705
538169805088,-4.410076,-1.3756036,9.79032
538172328890,-1.5097504,0.48628214,9.100423
538174852693,7.225961,0.28865516,10.44788
538177376495,-8.038029,-1.2983494,9.410039
538179900349,4.8424597,1.1546206,9.635813
538182424151,1.7259423,-0.5575476,10.208332
538184947953,-6.7696223,-0.6922933,9.100423
538187471755,8.479994,1.1450387,10.175394
538189995557,-4.5585957,-1.3851855,9.7765465
538192519411,-1.3468578,0.500655,9.17049
538195043213,7.2115884,0.19283602,10.443089
538197567015,-8.071565,-1.2552308,9.377101
538200090818,4.961635,1.116293,9.62144
538202614620,1.6067672,-0.5862934,10.203541
538205138474,-6.6360745,-0.61563796,9.08605
538207662276,8.513531,1.121084,10.231688
538210186078,-4.6879516,-1.4139313,9.743609
538212709880,-1.1695924,0.4910731,9.184864
538215233682,7.1301417,0.15450837,10.467044
538217757536,-8.10031,-1.2408578,9.377101
538220281338,5.03829,1.1833664,9.640004
538222805140,1.4534566,-0.61084706,10.138264
538225328943,-6.583374,-0.6635476,9.067485
538227852745,8.494367,1.0971292,10.274207
538230376599,-4.7741885,-1.3899764,9.7765465
538232900401,-1.0546094,0.5485646,9.132762
538235424203,6.9480853,0.13474567,10.386795
538237948005,-8.153011,-1.2600217,9.344163
538240471807,5.201183,1.2222929,9.644795
538242995661,1.3288918,-0.6204289,10.194558
538245519463,-6.5210915,-0.6348018,9.053112
538248043265,8.542276,1.0486207,10.250852
538250567068,-4.9029455,-1.4139313,9.7765465
538253090870,-0.95399934,0.58689225,9.213011
538255614724,6.9432945,0.120372795,10.480818
538258138526,-8.172175,-1.2312759,9.37231
538260662328,5.301793,1.1594117,9.640004
538263186130,1.2330726,-0.6875023,10.147247
538265709932,-6.396527,-0.6252199,9.104615
538268233786,8.556649,1.0971292,10.231688
538270757588,-5.0083466,-1.4330951,9.734027
538273281390,-0.8012876,0.5773103,9.1423435
538275805193,6.8474755,0.09641801,10.485608
538278328995,-8.205711,-1.2216941,9.396265
538280852849,5.411985,1.203129,9.672942
538283376651,1.0893439,-0.72103906,10.222705
538285900453,-6.2863345,-0.6204289,9.057903
538288424255,8.590186,1.0875473,10.264626
538290948057,-5.1424937,-1.4474679,9.724445
538293471911,-0.6767227,0.6258188,9.180073
538295995713,6.757046,0.043717485,10.457461
538298519515,-8.215294,-1.1588128,9.344163
538301043318,5.540742,1.1833664,9.682525
538303567120,0.8935135,-0.72583,10.166411
538306090974,-6.2084813,-0.5862934,9.099225
538308614776,8.581801,1.0785642,10.240671
538311138578,-5.256279,-1.446869,9.733428
538313662380,-0.5317962,0.597073,9.202829
538316186182,6.6863794,-0.013774002,10.475428
538318710036,-8.228469,-1.2067223,9.362129
538321233838,5.7000413,1.2324737,9.7100725
538323757640,0.7653554,-0.72044015,10.174795
538326281443,-6.127035,-0.5910843,9.07587
538328805245,8.577011,1.0881461,10.250253
538331329099,-5.351499,-1.446869,9.723846
538333852901,-0.3689037,0.65037245,9.141745
538336376703,6.523487,-0.023355916,10.456862
538338900505,-8.247633,-1.1725868,9.371711
538341424307,5.810233,1.2372646,9.756784
538343948109,0.63599956,-0.7449938,10.179586
538346471963,-6.0024705,-0.5186211,9.024366
538348995765,8.57222,1.0641913,10.259235
538351519568,-5.490437,-1.5049593,9.751993
538354043370,-0.15810159,0.698282,9.240559
538356567172,6.4707866,-0.104802184,10.423924
538359091026,-8.271587,-1.1677958,9.348355
538361614828,5.8916793,1.2276827,9.784931
538364138630,0.48807874,-0.83123106,10.0999365
538366662432,-5.916233,-0.5425759,9.057304
538369186234,8.596175,1.0641913,10.273608
538371710088,-5.576674,-1.4804057,9.733428
538374233890,-0.04850844,0.66953623,9.207621
538376757693,6.2989106,-0.061683573,10.386196
538379281495,-8.281169,-1.1294681,9.348355
538381805297,6.064154,1.2420557,9.817869
538384329151,0.3156043,-0.8120672,10.118502
538386852953,-5.821013,-0.45633867,9.08066
538389376755,8.605757,1.0492196,10.348467
538391900557,-5.7204027,-1.45166,9.7100725
538394424359,0.07126549,0.80428195,9.268705
538396948213,6.2414193,-0.042519744,10.414343
538399472015,-8.281169,-1.13905,9.292061
538401995818,6.188719,1.2803832,9.747202
538404519620,0.17666654,-0.86476773,10.11371
538407043422,-5.7299848,-0.4850844,9.085451
538409567276,8.658457,1.0204738,10.32032
538412091078,-5.8635325,-1.4995695,9.714264
538414614880,0.16229367,0.70307297,9.259124
538417138682,6.126436,-0.10001123,10.428117
538419662484,-8.271587,-1.1198862,9.292061
538422186338,6.24621,1.2468466,9.803496
538424710140,0.037728786,-0.9228581,10.137066
538427233943,-5.591047,-0.3982483,9.057304
538429757745,8.591384,1.0785642,10.325111
538432281547,-5.9785156,-1.5337051,9.733428
538434805401,0.37309578,0.76595426,9.292061
538437329203,6.021035,-0.109593146,10.489202
538439853005,-8.262006,-1.1198862,9.315417
538442376807,6.361193,1.2372646,9.836433
538444900609,-0.105401054,-0.8839316,10.108919
538447424463,-5.4425273,-0.38387543,9.085451
538449948265,8.67283,1.0108919,10.32032
538452472068,-6.069544,-1.5193323,9.634615
538454995870,0.5264064,0.78990906,9.235767
538457519672,5.9108434,-0.109593146,10.414343
538460043526,-8.262006,-1.1198862,9.296852
538462567328,6.504323,1.2612195,9.836433
538465091130,-0.30662125,-0.91806716,10.104129
538467614932,-5.375454,-0.3120111,9.057304
538470138734,8.615338,1.0156829,10.348467
538472662588,-6.136617,-1.4851967,9.601677
538475186390,0.71744585,0.799491,9.23996
538477710193,5.820414,-0.14312984,10.428117
538480233995,-8.257215,-1.0911405,9.296253
538482757797,6.5905604,1.2851743,9.836433
538485281651,-0.3880675,-0.97555864,10.052626
538487805453,-5.2413073,-0.30662125,9.094435
538490329255,8.591384,1.0156829,10.32032
538492853057,-6.2851367,-1.5337051,9.606468
538495376859,0.8324288,0.82344574,9.169892
538497900713,5.719804,-0.1772654,10.381405
538500424515,-8.270988,-1.0623947,9.272898
538502948318,6.729498,1.2947562,9.883744
538505472120,-0.5222143,-0.9899315,10.024479
538507995922,-5.126324,-0.31680202,9.042932
538510519724,8.581801,1.00131,10.296965
538513043578,-6.3803573,-1.4995695,9.550174
538515567380,0.9474118,0.8138638,9.23996
538518091182,5.60003,-0.15750271,10.428117
538520614984,-8.304525,-1.0815586,9.296253
538523138786,6.758244,1.2276827,9.85979
538525662640,-0.68450797,-0.9563948,10.010106
538528186443,-5.016132,-0.26350263,9.019575
538530710245,8.515327,0.96298236,10.386196
538533234047,-6.4426394,-1.5139425,9.662762
538535757849,1.0959314,0.86177343,9.254333
538538281703,5.4323463,-0.17247446,10.362841
538540805505,-8.270988,-1.1055133,9.282479
538543329307,6.935509,1.2564285,9.869371
538545853109,-0.8426096,-1.0138863,10.024479
538548376911,-4.916121,-0.19163829,9.066287
538550900765,8.5297,0.9725643,10.367032
538553424568,-6.5432496,-1.543287,9.686117
538555948370,1.2636149,0.891118,9.296253
538558472172,5.3323355,-0.123966016,10.362242
538560995974,-8.1847515,-1.0617958,9.272898
538563519828,7.055283,1.2372646,9.897518
538566043630,-0.95759255,-1.0522139,10.005315
538568567432,-4.786765,-0.16229367,9.019575
538571091234,8.534492,0.9006999,10.414343
538573615036,-6.6534414,-1.5672418,9.634615
538576138890,1.3594341,0.8521915,9.263315
538578662693,5.131115,-0.22996594,10.338885
538581186495,-8.203916,-1.0713778,9.23996
538583710297,7.08882,1.2708014,9.968185
538586234099,-1.1630049,-1.0330502,10.005315
538588757953,-4.6622,-0.14312984,9.047723
538591281755,8.491372,0.9054909,10.39997
538593805557,-6.734888,-1.5235244,9.620242
538596329359,1.5600554,0.9150728,9.357338
538598853161,5.049669,-0.20601116,10.39997
538601377015,-8.160796,-1.0522139,9.230976
538603900818,7.1271477,1.203728,10.014897
538606424620,-1.364225,-1.0767676,10.024479
538608948422,-4.4993076,-0.095220275,8.991428
538611472224,8.500955,0.8815361,10.419134
538613996078,-6.820526,-1.5384961,9.606468
538616519880,1.6942022,0.9294457,9.305836
538619043682,4.881985,-0.20601116,10.386196
538621567484,-8.117678,-1.0234683,9.259124
538624091286,7.2469215,1.2372646,9.911891
538626615140,-1.4552532,-1.1198862,9.968185
538629138943,-4.41307,-0.047310703,9.056705
538631662745,8.467418,0.91986376,10.423326
538634186547,-6.9450912,-1.5720328,9.554965
538636710349,1.8331399,0.9150728,9.320209
538639234203,4.791556,-0.17666654,10.353258
538641758005,-8.103305,-1.042632,9.244751
538644281807,7.3331585,1.1749822,9.949021
538646805609,-1.5702362,-1.1246772,9.981959
538649329411,-4.221432,-0.052101657,9.047723
538651853265,8.453045,0.87674516,10.395179
538654377068,-7.031328,-1.6007786,9.57353
538656900870,1.9960325,0.9725643,9.329191
538659424672,4.671782,-0.2347569,10.353258
538661948474,-8.012876,-0.9947225,9.216603
538664472328,7.423588,1.2133099,9.958603
538666996130,-1.7037841,-1.1677958,9.981959
538669519984,-4.102257,-0.022757046,8.986638
538672043838,8.414718,0.85698247,10.437699
538674567640,-7.098402,-1.5911967,9.601677
538677091495,2.1253884,0.9246547,9.315417
538679615349,4.5184712,-0.2682936,10.353258
538682139151,-8.050605,-0.9803496,9.244751
538684663005,7.509825,1.1797732,9.972377
538687186859,-1.8570948,-1.1869596,9.907101
538689710713,-3.9681103,-0.008384175,9.03335
538692234515,8.362017,0.83302766,10.432908
538694758370,-7.179848,-1.6151514,9.5783205
538697282224,2.2978628,0.9581914,9.333982
538699806078,4.4082794,-0.23954785,10.39997
538702329880,-8.069768,-0.97555864,9.20223
538704853734,7.6104355,1.194146,10.019688
538707377588,-2.0295691,-1.2204963,9.935247
538709901443,-3.877082,0.03473444,9.023767
538712425245,8.251824,0.84740055,10.456264
538714949099,-7.170266,-1.5480781,9.629824
538717472953,2.4553654,0.9581914,9.3669195
538719996755,4.222031,-0.29224837,10.395179
538722520609,-7.725418,-0.97555864,9.178875
538725044463,6.691769,0.9965191,9.949021
538727568318,-1.2492421,-0.7976943,9.874163
538730092120,-2.613467,-0.22038403,9.193248
538732615974,5.3371263,0.46771717,10.310739
538735139828,-4.1926866,-0.6096493,9.498073
538737663682,1.2731968,0.2994348,9.667553
538740187484,1.9816597,-0.24912977,10.1789875
538742711338,-2.9482353,-0.22996594,9.230378
538745235193,2.963207,0.1934349,10.075982
538747758995,-0.87075645,-0.33057603,9.634615
538750282849,-0.26290378,-0.1143841,9.57353
538752806703,1.5127447,-0.0035932178,10.122693
538755330557,-1.1055133,-0.23954785,9.385485
538757854359,0.98154736,-0.07126549,10.028671
538760378213,0.047909573,-0.1143841,9.6957
538762902068,0.047909573,-0.13354793,9.639405
538765425922,0.45993188,-0.109593146,10.043044
538767949724,-0.08144627,-0.13833888,9.40405
538770473578,0.4695138,-0.032338962,9.98675
538772997432,0.119773924,-0.13833888,9.897518
538775521286,0.119773924,-0.1143841,9.465135
538778045088,0.45034996,-0.15271176,10.089756
538780568943,-0.0335367,-0.0808474,9.535801
538783092797,0.35932177,-0.10001123,9.714264
538785616599,0.2587117,-0.13354793,9.996332
538788140453,-0.052700527,-0.104802184,9.301044
538790664307,0.41681325,-0.06647453,10.0664
538793188161,0.08144627,-0.119175054,9.728638
538795711963,0.17247446,-0.07126549,9.436988
538798235818,0.46472284,-0.0808474,10.155631
538800759672,-0.119175054,-0.13354793,9.413631
538803283526,0.35932177,-0.119175054,9.813078
538805807328,0.28266647,-0.041920874,10.043044
538808331182,-0.15750271,-0.10001123,9.286672
538810855036,0.60306174,-0.052101657,10.085564
538813378838,0.052700527,-0.119175054,9.690908
538815902693,-0.10001123,-0.052101657,9.413631
538818426547,0.80428195,-0.119175054,10.183778
538820950401,-0.36351386,-0.16708463,9.489089
538823474203,0.19163829,-0.08563836,9.770558
538825998057,0.8138638,-0.1479208,10.075982
538828521911,-0.72223675,-0.12875697,9.225587
538831045765,0.86656433,0.0059886966,10.075982
538833569568,0.23954785,-0.21080211,9.784931
538836093422,-0.6605532,-0.061683573,9.418423
538838617276,1.3785979,-0.05150279,10.188569
538841141130,-0.5407793,-0.13354793,9.446569
538843664932,-0.019163828,-0.12875697,9.686117
538846188786,1.2396601,-0.022757046,10.1460495
538848712640,-1.0576038,-0.08563836,9.282479
538851236443,0.9959202,-0.013175132,10.0005245
538853760297,0.3689037,-0.17187558,9.85979
538856284151,-0.9474118,-0.041920874,9.338773
538858808005,1.6325186,-0.061683573,10.170004
538861331807,-0.6078527,-0.17187558,9.507654
538863855661,-0.028146872,-0.14312984,9.625032
538866379515,1.4169255,-0.104802184,10.127484
538868903370,-1.2492421,-0.15271176,9.263315
538871427172,1.0390388,0.03473444,10.019688
538873951026,0.445559,-0.20062132,9.892728
538876474880,-1.0815586,-0.0808474,9.31961
538878998734,1.7522925,-0.032338962,10.174196
538881522536,-0.70307297,-0.14312984,9.489089
538884046390,-0.06647453,-0.104802184,9.592095
538886570245,1.5894,-0.09042931,10.160422
538889094047,-1.3684171,-0.123966016,9.314818
538891617901,1.1109031,0.039525397,9.972377
538894141755,0.42160422,-0.16708463,9.906502
538896665609,-1.2204963,-0.09042931,9.31961
538899189411,1.8672755,-0.032338962,10.259235
538901713265,-0.7557735,-0.18624845,9.559157
538904237120,-0.123966016,-0.09042931,9.554366
538906760974,1.6468915,-0.032338962,10.19336
538909284776,-1.4977729,-0.13833888,9.286672
538911808630,1.1636037,-0.013175132,10.010106
538914332484,0.48388666,-0.19583037,9.949021
538916856286,-1.3348805,-0.056293745,9.272898
538919380140,2.0343602,-0.0035932178,10.216716
538921903995,-0.78931016,-0.18624845,9.517237
538924427849,-0.07605644,-0.0808474,9.531011
538926951651,1.7618744,-0.09042931,10.198151
538929475505,-1.603174,-0.16708463,9.301044
538931999359,1.1875585,0.03473444,9.981959
538934523213,0.4695138,-0.22996594,9.892728
538937047015,-1.3492533,-0.1479208,9.263315
538939570870,2.0774786,0.0059886966,10.198151
538942094724,-0.8324288,-0.1814575,9.563948
538944618578,-0.109593146,-0.12875697,9.549575
538947142380,1.814575,-0.041920874,10.211925
538949666234,-1.6558745,-0.16708463,9.253734
538952190088,1.2929596,0.053898267,9.972377
538954713890,0.4695138,-0.1814575,9.949021
538957237745,-1.3923719,-0.13833888,9.277688
538959761599,2.1445522,-0.0035932178,10.1789875
538962285453,-0.8659655,-0.19583037,9.559157
538964809255,-0.07126549,-0.104802184,9.582513
538967333109,1.8433207,-0.08563836,10.183778
538969856963,-1.7756485,-0.2682936,9.23996
538972380818,1.2977505,0.04431635,9.990942
538974904620,0.45993188,-0.2682936,9.981959
538977428474,-1.4402815,-0.1479208,9.296253
538979952328,2.1972528,0.06827114,10.249654
538982476130,-0.9713665,-0.24433881,9.57353
538984999984,-0.13833888,-0.07066662,9.563948
538987523838,1.8672755,-0.056293745,10.19336
538990047693,-1.837332,-0.23954785,9.301044
538992571495,1.3696148,0.14552532,9.953813
538995095349,0.5222143,-0.18624845,9.920875
538997619203,-1.5361006,-0.16229367,9.263315
539000143057,2.3074448,0.11198862,10.226298
539002666859,-1.0001123,-0.26350263,9.507654
539005190713,-0.13833888,-0.095220275,9.554366
539007714568,1.9103942,-0.0035932178,10.226298
539010238422,-1.8996145,-0.27308455,9.277089
539012762224,1.4510611,0.092824794,10.02388
539015286078,0.49825954,-0.17666654,9.887937
539017809932,-1.5456825,-0.1479208,9.258525
539020333734,2.3457723,0.13115245,10.160422
539022857588,-1.0863495,-0.29224837,9.540592
539025381443,-0.119175054,-0.119175054,9.615451
539027905297,1.9822584,-0.01796609,10.174196
539030429099,-1.9235693,-0.32578507,9.272898
539032952953,1.4750159,0.13594341,9.958603
539035476807,0.47430477,-0.17666654,9.906502
539038000661,-1.5983831,-0.17666654,9.277089
539040524463,2.4272187,0.13594341,10.183778
539043048318,-1.0761688,-0.3018303,9.568739
539045572172,-0.1143841,-0.07066662,9.563948
539048095974,2.0014224,-0.022757046,10.211925
539050619828,-2.0193884,-0.27308455,9.277089
539053143682,1.5319085,0.11198862,9.98675
539055667536,0.4695138,-0.19583037,9.883145
539058191338,-1.6127559,-0.1814575,9.301044
539060715193,2.4751282,0.15510723,10.235281
539063239047,-1.1384512,-0.32578507,9.544785
539065762901,-0.07126549,-0.109593146,9.568739
539068286703,2.0062132,-0.013175132,10.174196
539070810557,-2.067298,-0.31141222,9.268106
539073334411,1.5750271,0.1694801,10.043044
539075858265,0.4790957,-0.17666654,9.962795
539078382068,-1.6600666,-0.19103941,9.291462
539080905922,2.518247,0.08803384,10.202343
539083429776,-1.1959426,-0.3018303,9.502863
539085953578,-0.07605644,-0.14312984,9.638806
539088477432,2.0684958,-0.032338962,10.235281
539091001286,-2.1008346,-0.2682936,9.28188
539093525140,1.594191,0.13115245,10.02388
539096048943,0.45034996,-0.23415802,9.911292
539098572797,-1.6456938,-0.19583037,9.286672
539101096651,2.503874,0.14552532,10.249654
539103620505,-1.2198974,-0.30662125,9.511847
539106144307,-0.013774002,-0.06587566,9.540592
539108668161,2.049332,-0.05150279,10.127484
539111192015,-2.1535351,-0.3018303,9.296253
539113715870,1.6373096,0.13115245,10.010106
539116239672,0.445559,-0.17666654,9.9346485
539118763526,-1.6504847,-0.15271176,9.296253
539121287380,2.5805292,0.11198862,10.202343
539123811182,-1.2869709,-0.3018303,9.526219
539126335036,0.014971741,-0.061084703,9.592095
539128858890,2.030168,-0.041920874,10.192761
539131382745,-2.1631172,-0.32578507,9.291462
539133906547,1.6516825,0.15989819,10.005315
539136430401,0.4024404,-0.17187558,9.896919
539138954255,-1.6409028,-0.13833888,9.305237
539141478109,2.628439,0.12636149,10.23049
539144001911,-1.3013437,-0.32099414,9.544785
539146525765,0.014971741,-0.061084703,9.601078
539149049620,2.025377,-0.032338962,10.1789875
539151573422,-2.196055,-0.29703933,9.277089
539154097276,1.7522925,0.107197665,10.010106
539156621130,0.37908447,-0.13833888,9.9017105
539159144984,-1.6361119,-0.15750271,9.342965
539161668786,2.6667664,0.04910731,10.277801
539164192640,-1.373208,-0.33057603,9.507654
539166716443,0.029344613,-0.104802184,9.572931
539169240297,2.054123,-0.013175132,10.117903
539171764151,-2.191264,-0.31141222,9.272299
539174288005,1.7858293,0.092824794,10.014298
539176811859,0.3311749,-0.14312984,9.878355
539179335661,-1.6409028,-0.17666654,9.333384
539181859515,2.700303,0.078451924,10.240072
539184383370,-1.4211177,-0.34973988,9.465135
539186907224,0.06767227,-0.027548004,9.596886
539189431078,2.0062132,-0.05150279,10.160422
539191954932,-2.2200098,-0.27308455,9.310027
539194478734,1.8529027,0.08324288,9.9675865
539197002588,0.3120111,-0.20541228,9.8358345
539199526443,-1.616948,-0.1479208,9.338174
539202050297,2.6571846,0.04431635,10.268219
539204574151,-1.5259198,-0.34973988,9.4837
539207098005,0.14432758,-0.01796609,9.61066
539209621807,2.0205863,-0.046711832,10.174196
539212145661,-2.296665,-0.28266647,9.291462
539214669515,1.8624846,0.09761575,9.990942
539217193370,0.26889247,-0.21020325,9.9017105
539219717224,-1.621739,-0.15271176,9.300446
539222241078,2.6715574,0.107197665,10.235281
539224764880,-1.501965,-0.2778755,9.460343
539227288734,0.14911854,-0.022757046,9.615451
539229812588,1.9583037,-0.07066662,10.192761
539232336443,-2.3445747,-0.32578507,9.258525
539234860297,1.9151851,0.11198862,10.042445
539237384151,0.26889247,-0.18624845,9.9017105
539239907953,-1.6456938,-0.13354793,9.300446
539242431807,2.729049,0.06887001,10.23049
539244955661,-1.6025752,-0.34973988,9.521428
539247479515,0.19702812,-0.056293745,9.69031
539250003370,1.9630947,-0.07545757,10.211925
539252527224,-2.3445747,-0.26350263,9.244152
539255051026,1.934349,0.121570535,9.990942
539257574880,0.21619193,-0.17187558,9.831643
539260098734,-1.6025752,-0.119175054,9.356739
539262622588,2.700303,0.07366096,10.235281
539265146443,-1.6025752,-0.32578507,9.441779
539267670297,0.21619193,0.039525397,9.620242
539270194099,1.919976,-0.10420331,10.1131115
539272717953,-2.3685293,-0.29703933,9.296253
539275241807,2.030168,0.107197665,9.990942
539277765661,0.18744619,-0.16229367,9.779541
539280289515,-1.5546656,-0.108994275,9.333384
539282813370,2.7913313,0.10240671,10.296366
539285337172,-1.6600666,-0.3018303,9.498073
539287861026,0.25451958,0.020361567,9.652581
539290384880,1.9439309,-0.061084703,10.141258
539292908734,-2.2918742,-0.25811282,9.239361
539295432588,2.0205863,0.12636149,10.019089
539297956443,0.14432758,-0.17187558,9.798705
539300480245,-1.5642475,-0.15750271,9.31961
539303004099,2.729049,0.0059886966,10.249055
539305527953,-1.6912079,-0.2976382,9.484898
539308051807,0.3335704,0.029344613,9.644795
539310575661,1.8648801,-0.08144627,10.180185
539313099515,-2.4332073,-0.24972863,9.25014
539315623318,2.1331737,0.105999924,10.025078
539318147172,0.1419321,-0.2305648,9.818468
539320671026,-1.561852,-0.11498297,9.334581
539323194880,2.774563,0.07246323,10.226897
539325718734,-1.7295355,-0.30242917,9.433394
539328242588,0.32877943,0.029344613,9.701089
539330766390,1.9271625,-0.0670734,10.152038
539333290245,-2.3230152,-0.26889247,9.25014
539335814099,2.1044278,0.091627054,10.048433
539338337953,0.026949134,-0.19223715,9.799903
539340861807,-1.5474792,-0.15810159,9.348954
539343385661,2.7841449,0.058090355,10.255044
539345909463,-1.8493094,-0.24493769,9.433394
539348433318,0.4006438,0.053299397,9.687315
539350957172,1.8792529,-0.07665531,10.142456
539353481026,-2.476326,-0.27368343,9.254931
539356004880,2.2146199,0.10120897,10.072389
539358528734,0.055694874,-0.19702812,9.837631
539361052536,-1.4995695,-0.15810159,9.330389
539363576390,2.8128908,0.04850844,10.19875
539366100245,-1.7726542,-0.28326535,9.428603
539368624099,0.37189806,0.07246323,9.729236
539371147953,1.8025976,-0.07186436,10.152038
539373671807,-2.3325973,-0.24493769,9.25014
539376195609,2.1571283,0.07246323,9.978366
539378719463,-0.03533331,-0.2305648,9.780739
539381243318,-1.45166,-0.13893776,9.344163
539383767172,2.8320546,0.024553655,10.231688
539386291026,-1.9259647,-0.3120111,9.433394
539388814880,0.47250813,0.06767227,9.62623
539391338682,1.8169705,-0.1006101,10.119101
539393862536,-2.4954898,-0.2641015,9.264513
539396386390,2.2625294,0.07725418,10.086163
539398910245,-0.04491522,-0.19702812,9.82805
539401434099,-1.3995583,-0.124564886,9.325598
539403957953,2.764981,0.04850844,10.274207
539406481755,-1.8349366,-0.30242917,9.438186
539409005609,0.45813528,0.029344613,9.672942
539411529463,1.7073773,-0.08144627,10.105327
539414053318,-2.3565521,-0.24014673,9.264513
539416577172,2.2769024,0.06767227,10.086163
539419101026,-0.13115245,-0.26889247,9.804693
539421624828,-1.4235132,-0.13893776,9.33518
539424148682,2.8512182,0.019762699,10.236479
539426672536,-1.9690833,-0.25451958,9.424412
539429196390,0.500655,0.105999924,9.677733
539431720245,1.76427,-0.1341468,10.156829
539434244099,-2.4523711,-0.2641015,9.264513
539436767901,2.3583486,0.09641801,10.081371
539439291755,-0.121570535,-0.25451958,9.781338
539441815609,-1.3708127,-0.14851967,9.391474
539444339463,2.7218626,0.06288131,10.203541
539446863318,-1.8828461,-0.29284725,9.438186
539449387172,0.5916832,0.105999924,9.752592
539451910974,1.6690496,-0.12935585,10.095744
539454434828,-2.4092526,-0.22577386,9.297451
539456958682,2.3673317,0.0868361,10.067597
539459482536,-0.19822586,-0.30242917,9.757383
539462006390,-1.3420669,-0.17786428,9.377101
539464530245,2.879964,0.053299397,10.19875
539467054047,-2.0840664,-0.2641015,9.410039
539469577901,0.63959277,0.105999924,9.7484
539472101755,1.7115694,-0.15870045,10.119101
539474625609,-2.4188344,-0.24493769,9.245948
539477149463,2.3864956,0.09641801,10.095744
539479673318,-0.15031628,-0.25451958,9.795112
539482197120,-1.217502,-0.119773924,9.37231
539484720974,2.774563,0.06288131,10.24606
539487244828,-1.9738743,-0.2976382,9.438186
539489768682,0.63001084,0.08204514,9.715462
539492292536,1.6115582,-0.15331063,10.16162
539494816390,-2.4379983,-0.22577386,9.203428
539497340193,2.45836,0.091627054,10.067597
539499864047,-0.3174009,-0.24493769,9.720253
539502387901,-1.2749934,-0.12935585,9.320807
539504911755,2.9416478,0.07725418,10.213122
539507435609,-2.0936482,-0.25931054,9.428603
539509959463,0.72103906,0.09641801,9.79032
539512483265,1.649287,-0.15390949,10.156829
539515007120,-2.4523711,-0.22577386,9.217801
539517530974,2.424823,0.07725418,10.081371
539520054828,-0.30841786,-0.25931054,9.781338
539522578682,-1.2222929,-0.16828237,9.414829
539525102536,2.7506082,0.005389827,10.24127
539527626338,-2.0313659,-0.27368343,9.410039
539530150193,0.7545757,0.07725418,9.757383
539532674047,1.5923944,-0.21140099,10.053225
539535197901,-2.4236255,-0.21619193,9.175282
539537721755,2.5972977,0.13474567,10.119101
539540245609,-0.36051953,-0.26889247,9.79032
539542769411,-1.2366658,-0.16828237,9.377101
539545293265,2.8320546,0.019762699,10.231688
539547817120,-2.1846764,-0.30781898,9.447767
539550340974,0.80727625,0.07725418,9.79032
539552864828,1.5636486,-0.2305648,10.105327
539555388682,-2.3900888,-0.20661002,9.180073
539557912484,2.5014784,0.07725418,10.105327
539560436338,-0.34674552,-0.27368343,9.70588
539562960193,-1.1216829,-0.14372872,9.391474
539565484047,2.7362354,0.024553655,10.278998
539568007901,-2.0696936,-0.28805628,9.433394
539570531755,0.85997677,0.0868361,9.7765465
539573055557,1.4917842,-0.14911854,10.105327
539575579411,-2.4571621,-0.22577386,9.226785
539578103265,2.6499982,0.10120897,10.142456
539580627120,-0.47071153,-0.29284725,9.701089
539583150974,-1.1312647,-0.15870045,9.316016
539585674828,2.898529,0.053299397,10.250852
539588198630,-2.242168,-0.21619193,9.405248
539590722484,0.9264513,0.14432758,9.7765465
539593246338,1.5061572,-0.15870045,10.105327
539595770193,-2.3948796,-0.17786428,9.213011
539598294047,2.4918966,0.10120897,10.086163
539600817901,-0.4755025,-0.25451958,9.701089
539603341703,-1.0168806,-0.17307332,9.391474
539605865557,2.7074897,0.04850844,10.227495
539608389411,-2.136767,-0.24493769,9.391474
539610913265,0.9408242,0.12995471,9.818468
539613437120,1.415129,-0.16349141,10.090954
539615960974,-2.4188344,-0.20661002,9.198638
539618484828,2.6739528,0.07725418,10.086163
539621008630,-0.63360405,-0.34135568,9.753191
539623532484,-1.0456264,-0.14911854,9.391474
539626056338,2.8602014,0.0868361,10.278998
539628580193,-2.2852864,-0.2305648,9.410039
539631104047,0.96477896,0.13474567,9.786129
539633627901,1.3720104,-0.18744619,10.072389
539636151703,-2.3667328,-0.18265525,9.287869
539638675557,2.6068795,0.07725418,10.105327
539641199411,-0.54736686,-0.28865516,9.659168
539643723265,-0.9545982,-0.119773924,9.401055
539646247120,2.7458172,0.019762699,10.184976
539648770974,-2.2038403,-0.28326535,9.358536
539651294776,1.0414343,0.10120897,9.82805
539653818630,1.3193098,-0.16828237,10.100535
539656342484,-2.4427893,-0.16349141,9.250739
539658866338,2.783546,0.11558184,10.072389
539661390193,-0.69109553,-0.3174009,9.687315
539663914047,-0.9881349,-0.14432758,9.424412
539666437849,2.8458285,0.110790886,10.24127
539668961651,-2.337987,-0.32698283,9.348954
539671485453,1.07018,0.14432758,9.832841
539674009255,1.3336827,-0.14432758,10.105327
539676533057,-2.35236,-0.17307332,9.269304
539679056859,2.6116705,0.12516375,10.105327
539681580661,-0.68151367,-0.31260994,9.701089
539684104463,-0.868361,-0.13953662,9.424412
539686628265,2.7164726,0.06288131,10.20414
539689152068,-2.3044503,-0.25451958,9.320807
539691675870,1.1324625,0.1736722,9.856196
539694199672,1.2474455,-0.21140099,10.100535
539696723474,-2.4002695,-0.18744619,9.264513
539699247276,2.8218737,0.0868361,10.128682
539701771078,-0.76775086,-0.29344612,9.692106
539704294880,-0.8875248,-0.15870045,9.4196205
539706818682,2.817083,0.058090355,10.260433
539709342484,-2.3667328,-0.27368343,9.3866825
539711866286,1.1324625,0.13953662,9.851405
539714390088,1.2378635,-0.17786428,10.086761
539716913890,-2.2900774,-0.23535576,9.250739
539719437693,2.6404161,0.13953662,10.114908
539721961495,-0.73900515,-0.31260994,9.644795
539724485297,-0.7485871,-0.1006101,9.447767
539727009099,2.6973088,0.04850844,10.227495
539729532901,-2.3140323,-0.29344612,9.381891
539732056703,1.2234907,0.08204514,9.851405
539734580505,1.1228806,-0.21619193,10.090954
539737104307,-2.4050605,-0.18265525,9.166299
539739628109,2.8602014,0.105999924,10.166411
539742151911,-0.90668863,-0.29344612,9.6639595
539744675713,-0.82524234,-0.119773924,9.442976
539747199568,2.817083,0.014372871,10.265224
539749723370,-2.3906877,-0.30781898,9.302242
539752247172,1.2522364,0.110790886,9.823258
539754770974,1.1324625,-0.19702812,10.044242
539757294776,-2.2517498,-0.19702812,9.29266
539759818578,2.7260547,0.105999924,10.156829
539762342380,-0.868361,-0.3174009,9.640603
539764866182,-0.67193174,-0.12995471,9.447767
539767389984,2.6541903,0.03413557,10.227495
539769913786,-2.4194334,-0.2742823,9.325598
539772437588,1.3378748,0.0868361,9.851405
539774961390,1.07018,-0.21140099,10.072389
539777485193,-2.3858967,-0.16828237,9.231575
539780008995,2.922484,0.105999924,10.227495
539782532797,-0.97376204,-0.30302805,9.640603
539785056599,-0.68151367,-0.119773924,9.442976
539787580401,2.7595913,-0.019163828,10.274207
539790104203,-2.4865067,-0.2742823,9.330389
539792628005,1.2995471,0.12995471,9.832841
539795151807,1.079762,-0.17307332,10.049032
539797675609,-2.213422,-0.17307332,9.344762
539800199411,2.7164726,0.12516375,10.184976
539802723213,-0.978553,-0.2982371,9.5980835
539805247015,-0.5767115,-0.120372795,9.490287
539807770818,2.6541903,0.023954786,10.20414
539810294620,-2.4433882,-0.25451958,9.297451
539812818422,1.428903,0.15390949,9.860988
539815342224,1.0078976,-0.21140099,10.016094
539817866026,-2.347569,-0.20181906,9.25553
539820389828,2.9847662,0.14432758,10.189767
539822913630,-1.1126997,-0.33656475,9.607666
539825437432,-0.6198301,-0.14911854,9.3777
539827961234,2.658981,-0.004790957,10.24127
539830485036,-2.5152524,-0.31260994,9.320807
539833008890,1.4672306,0.0868361,9.922072
539835532693,0.959988,-0.20181906,9.992739
539838056495,-2.232586,-0.13953662,9.278886
539840580297,2.7739642,0.14432758,10.20414
539843104099,-1.0216717,-0.33656475,9.5980835
539845627901,-0.5096381,-0.12995471,9.49927
539848151703,2.5919077,-0.014372871,10.255643
539850675505,-2.45297,-0.27907324,9.316615
539853199307,1.5486768,0.15870045,9.823857
539855723109,0.86895984,-0.17307332,9.987947
539858246911,-2.3331962,-0.16828237,9.274096
539860770713,2.9895573,0.16349141,10.171202
539863294515,-1.1893551,-0.34614664,9.5980835
539865818318,-0.5048471,-0.12995471,9.405847
539868342120,2.7068908,-0.0,10.180784
539870865922,-2.572744,-0.3174009,9.358536
539873389724,1.5486768,0.16349141,9.959801
539875913526,0.89770555,-0.19702812,10.016094
539878437328,-2.1463487,-0.14432758,9.29266
539880961130,2.8410375,0.17307332,10.175993
539883484932,-1.1366546,-0.32219186,9.602875
539886008734,-0.40902796,-0.057491485,9.579518
539888532536,2.572744,-0.004790957,10.189767
539891056338,-2.5487893,-0.36051953,9.302242
539893580140,1.6349142,0.16828237,9.889134
539896103943,0.80188644,-0.16828237,9.950219
539898627745,-2.3236141,-0.17307332,9.250739
539901151547,3.0422578,0.110790886,10.255643
539903675349,-1.3474567,-0.3509376,9.593292
539906199151,-0.40902796,-0.07186436,9.447767
539908722953,2.6973088,-0.023954786,10.227495
539911246755,-2.6062806,-0.29344612,9.339971
539913770557,1.6828237,0.13474567,9.9082985
539916294359,0.80188644,-0.16349141,10.016094
539918818213,-2.112812,-0.16349141,9.250739
539921342015,2.9081109,0.12995471,10.194558
539923865818,-1.2564285,-0.28865516,9.607666
539926389620,-0.32279074,-0.09102818,9.532208
539928913422,2.5392072,0.028745743,10.24606
539931437224,-2.5152524,-0.3174009,9.33518
539933961026,1.7259423,0.105999924,9.898716
539936484828,0.7108583,-0.18265525,9.992739
539939008630,-2.2757046,-0.16828237,9.203428
539941532432,3.0608227,0.14911854,10.265224
539944056234,-1.428903,-0.3317738,9.5651455
539946580036,-0.3275817,-0.057491485,9.46214
539949103838,2.6014898,-0.028745743,10.227495
539951627640,-2.577535,-0.2838642,9.307033
539954151443,1.7451061,0.120372795,9.950219
539956675245,0.7300221,-0.21619193,9.992739
539959199047,-2.141558,-0.16828237,9.264513
539961722849,2.888947,0.10120897,10.16162
539964246651,-1.3474567,-0.34614664,9.579518
539966770453,-0.26529926,-0.052700527,9.513643
539969294255,2.448179,-0.07665531,10.217914
539971818057,-2.5919077,-0.36051953,9.372909
539974341859,1.8211626,0.13953662,10.00232
539976865661,0.64857584,-0.17786428,9.950219
539979389463,-2.223004,-0.16349141,9.241158
539981913265,3.0704045,0.053299397,10.237078
539984437068,-1.543287,-0.3653105,9.589101
539986960870,-0.2269716,-0.0335367,9.551372
539989484672,2.582326,-0.047909573,10.199348
539992008474,-2.6446083,-0.3317738,9.293259
539994532276,1.8594903,0.14432758,9.950219
539997056078,0.6006662,-0.19702812,9.9082985
539999579880,-2.0655015,-0.16828237,9.307033
540002103734,2.9560206,0.0868361,10.241869
540004627536,-1.41453,-0.28865516,9.551372
540007151338,-0.14612418,-0.047909573,9.556163
540009675140,2.3858967,-0.07186436,10.175993
540012198943,-2.6446083,-0.31260994,9.25553
540014722745,1.9265636,0.105999924,9.8753605
540017246547,0.4952652,-0.22577386,9.931654
540019770349,-2.1373658,-0.14911854,9.316615
540022294151,3.151851,0.110790886,10.222705
540024817953,-1.6438972,-0.34135568,9.513643
540027341755,-0.12696037,-0.047909573,9.499869
540029865557,2.5200434,-0.052700527,10.189767
540032389359,-2.692518,-0.32698283,9.288468
540034913161,1.9026089,0.12995471,9.987947
540037436963,0.5096381,-0.17307332,9.865778
540039960765,-2.0223827,-0.11558184,9.245948
540042484568,2.9554217,0.06767227,10.28379
540045008370,-1.5486768,-0.2982371,9.532806
540047532172,-0.031141222,0.028745743,9.556163
540050055974,2.3715239,-0.052700527,10.156829
540052579776,-2.7212636,-0.3174009,9.283677
540055103578,2.0750833,0.15870045,9.992739
540057627380,0.41381893,-0.22577386,9.913089
540060151182,-2.1421566,-0.13953662,9.297451
540062674984,3.2237153,0.09641801,10.260433
540065198786,-1.7540891,-0.37489238,9.532806
540067722588,-0.031141222,-0.009581914,9.556163
540070246390,2.4721339,-0.057491485,10.237078
540072770193,-2.7308455,-0.30302805,9.293259
540075293995,2.0415466,0.10120897,10.016094
540077817797,0.44735563,-0.22577386,9.9082985
540080341599,-1.9505184,-0.17307332,9.33518
540082865401,2.9841673,0.06767227,10.265224
540085389203,-1.6486881,-0.28865516,9.466931
540087913057,0.031141222,0.038327657,9.617248
540090436859,2.3044503,-0.07186436,10.143055
540092960661,-2.6685631,-0.27907324,9.274096
540095484463,2.1469476,0.110790886,9.950219
540098008265,0.3371636,-0.19702812,9.861587
540100532068,-2.0655015,-0.18265525,9.293259
540103055870,3.2237153,0.06767227,10.293371
540105579672,-1.8499084,-0.36051953,9.4854965
540108103474,0.059886962,-0.004790957,9.574728
540110627276,2.3811057,-0.08144627,10.194558
540113151078,-2.7404275,-0.2742823,9.297451
540115674880,2.094247,0.15390949,10.025677
540118198682,0.32279074,-0.21619193,9.898716
540120722484,-1.9073998,-0.18265525,9.283677
540123246286,3.017704,0.047909573,10.208931
540125770088,-1.6965977,-0.28865516,9.50466
540128293890,0.13175131,0.062282443,9.66875
540130817693,2.246959,-0.07665531,10.147846
540133341495,-2.6541903,-0.28865516,9.321405
540135865297,2.2517498,0.17786428,10.035258
540138389099,0.25571734,-0.2305648,9.913089
540140912901,-1.9840552,-0.120372795,9.250739
540143436703,3.252461,0.047909573,10.250852
540145960505,-1.9601003,-0.38507318,9.513643
540148484307,0.14612418,0.043118615,9.5980835
540151008109,2.3331962,-0.120372795,10.185575
540153531911,-2.7787552,-0.31260994,9.278886
540156055713,2.2517498,0.11558184,10.011304
540158579515,0.24134447,-0.24074559,9.828649
540161103318,-1.8355354,-0.11558184,9.321405
540163627120,3.0512407,0.057491485,10.265224
540166150870,-1.7588801,-0.33656475,9.513643
540168674515,0.2365535,0.0670734,9.622039
540171198213,2.1277838,-0.13953662,10.171202
540173721859,-2.7020998,-0.26949134,9.278886
540176245505,2.3092413,0.07725418,10.035258
540178769203,0.13175131,-0.24553655,9.884942
540181292849,-1.9026089,-0.14432758,9.269903
540183816547,3.2716248,0.052700527,10.28858
540186340193,-2.0271738,-0.3509376,9.50466
540188863890,0.28925404,0.023954786,9.617248
540191387536,2.337987,-0.11558184,10.218513
540193911234,-2.7595913,-0.2838642,9.293259
540196434880,2.337987,0.12995471,9.974174
540198958578,0.14612418,-0.2209829,9.847214
540201482224,-1.763671,-0.17786428,9.354343
540204005922,3.0704045,0.052700527,10.218513
540206529568,-1.8594903,-0.28865516,9.476513
540209053213,0.30841786,0.047909573,9.645394
540211576911,2.108021,-0.11558184,10.138264
540214100557,-2.7020998,-0.23595464,9.269903
540216624255,2.4194334,0.07725418,9.969383
540219147901,0.021559307,-0.24553655,9.880151
540221671599,-1.8067896,-0.13474567,9.387281
540224195245,3.3099525,0.047909573,10.241869
540226718943,-2.1229928,-0.30302805,9.4854965
540229242588,0.3371636,0.028745743,9.673541
540231766286,2.1463487,-0.15390949,10.190366
540234289932,-2.7691731,-0.21140099,9.227384
540236813578,2.4385972,0.07186436,10.011903
540239337276,0.05030505,-0.25511846,9.828649
540241860922,-1.7259423,-0.17786428,9.326197
540244384620,3.0512407,0.047909573,10.246659
540246908265,-1.9840552,-0.32219186,9.4525585
540249431963,0.37549126,0.08204514,9.687914
540251955609,1.9696822,-0.18265525,10.110117
540254479307,-2.7068908,-0.26470038,9.330988
540257002953,2.5008795,0.12516375,10.025677
540259526651,-0.079050794,-0.26470038,9.852004
540262050297,-1.754688,-0.13953662,9.307033
540264573995,3.24767,0.09641801,10.246659
540267097640,-2.228394,-0.3174009,9.391474
540269621286,0.46172848,0.09641801,9.617248
540272144984,2.122394,-0.15870045,10.180784
540274668630,-2.8218737,-0.22158177,9.21361
540277192328,2.5392072,0.0868361,10.058615
540279715974,-0.040723134,-0.30302805,9.805292
540282239672,-1.6301231,-0.13953662,9.29805
540284763318,3.04645,0.0670734,10.293371
540287287015,-2.0511284,-0.28865516,9.476513
540289810661,0.49047422,0.13474567,9.6968975
540292334359,1.9169817,-0.16349141,10.134072
540294858005,-2.7116816,-0.23116368,9.204027
540297381651,2.5152524,0.09641801,10.077179
540299905349,-0.15570611,-0.26470038,9.762773
540302428995,-1.6301231,-0.16349141,9.316615
540304952693,3.2590485,0.04431635,10.245461
540307476338,-2.259535,-0.30722013,9.3998575
540310000036,0.53119737,0.120971665,9.65797
540312523682,1.9906427,-0.13354793,10.165214
540315047380,-2.7955234,-0.22038403,9.263914
540317571026,2.6511958,0.11138975,10.043044
540320094724,-0.1772654,-0.26350263,9.761575
540322618370,-1.5558633,-0.15810159,9.338773
540325142068,3.082382,0.06827114,10.217315
540327665713,-2.1301794,-0.2778755,9.437587
540330189359,0.5934798,0.13055357,9.719055
540332713057,1.8427218,-0.15810159,10.0669985
540335236703,-2.647004,-0.22996594,9.230976
540337760401,2.641614,0.10180784,10.075982
540340284047,-0.2012202,-0.26350263,9.827451
540342807745,-1.5127447,-0.15271176,9.381293
540345331390,3.1782012,0.08264401,10.23588
540347855088,-2.3697271,-0.2778755,9.395067
540350378734,0.72223675,0.08264401,9.747202
540352902432,1.93375,-0.1772654,10.188569
540355426078,-2.8194783,-0.24912977,9.263914
540357949724,2.7038965,0.08264401,10.047834
540360473422,-0.2587117,-0.2682936,9.775349
540362997068,-1.4456713,-0.123966016,9.338773
540365520765,3.0536363,0.04910731,10.240671
540368044411,-2.163716,-0.32638395,9.404649
540370568109,0.6749261,0.10180784,9.7100725
540373091755,1.7708575,-0.19642924,10.146648
540375615453,-2.6422129,-0.21080211,9.268106
540378139099,2.6943145,0.09701688,10.057417
540380662797,-0.30662125,-0.2778755,9.728638
540383186443,-1.4217166,-0.13833888,9.324999
540385710140,3.1734102,0.11138975,10.273608
540388233786,-2.4607553,-0.22996594,9.41423
540390757432,0.8228469,0.120971665,9.65797
540393281130,1.8427218,-0.19163829,10.15144
540395804776,-2.848224,-0.21080211,9.207022
540398328474,2.7901337,0.11138975,10.057417
540400852120,-0.3545308,-0.27308455,9.770558
540403375818,-1.3785979,-0.17247446,9.329191
540405899463,3.0344725,0.06827114,10.231089
540408423161,-2.2259984,-0.28745744,9.460942
540410946807,0.75637233,0.15031628,9.775349
540413470505,1.6558745,-0.15750271,10.071191
540415994151,-2.6038852,-0.21080211,9.235168
540418517797,2.7278512,0.08743497,10.057417
540421041495,-0.4695138,-0.29224837,9.775349
540423565140,-1.3211064,-0.08563836,9.353146
540426088838,3.1782012,0.0011977393,10.240671
540428612484,-2.4745293,-0.29224837,9.395067
540431136182,0.93782985,0.11618071,9.766366
540433659828,1.7277389,-0.18205637,10.174795
540436183526,-2.8051054,-0.19642924,9.254333
540438707172,2.8140883,0.14073436,10.095145
540441230870,-0.4695138,-0.29224837,9.756784
540443754515,-1.3211064,-0.13354793,9.3669195
540446278213,3.0488453,0.06827114,10.184377
540448801859,-2.288281,-0.28745744,9.376502
540451325505,0.8611745,0.10180784,9.775349
540453849203,1.603174,-0.22038403,10.075982
540456372849,-2.6038852,-0.1676835,9.211813
540458896547,2.7571957,0.09701688,10.090355
540461420193,-0.5503612,-0.37429354,9.742412
540463943890,-1.2061235,-0.119175054,9.395067
540466467536,3.1446645,0.092225924,10.259235
540468991234,-2.493693,-0.2682936,9.437587
540471514880,1.03844,0.16468915,9.723846
540474038578,1.6319197,-0.19642924,10.123292
540476562224,-2.7715688,-0.19642924,9.272898
540479085922,2.9434443,0.12576263,10.080772
540481609568,-0.49766067,-0.321593,9.65797
540484133213,-1.1725868,-0.2012202,9.362129
540486656911,3.0009358,0.053898267,10.226298
540489180557,-2.3409815,-0.2587117,9.348355
540491704255,0.9569937,0.14073436,9.78014
540494227901,1.5313096,-0.21080211,10.108919
540496751599,-2.5416028,-0.20601116,9.277688
540499275245,2.87158,0.15510723,10.118502
540501798943,-0.6509713,-0.32638395,9.719055
540504322588,-1.1246772,-0.12875697,9.390276
540506846286,3.091964,0.04431635,10.231089
540509369932,-2.62784,-0.2778755,9.357338
540511893578,1.1007224,0.14073436,9.784931
540514417276,1.5319085,-0.24433881,10.108919
540516940922,-2.742823,-0.1772654,9.193248
540519464620,2.9913538,0.15031628,10.11371
540521988265,-0.73720855,-0.3018303,9.681327
540524511963,-1.1150953,-0.12875697,9.395067
540527035609,2.9913538,0.04431635,10.292173
540529559307,-2.417038,-0.28745744,9.423214
540532082953,1.0432309,0.14552532,9.826852
540534606651,1.4265075,-0.22517498,10.0664
540537130297,-2.5416028,-0.18684733,9.305836
540539653995,2.8242693,0.13594341,10.155631
540542177640,-0.73720855,-0.31620318,9.681327
540544701286,-0.9857394,-0.12875697,9.357338
540547224984,3.063218,0.04431635,10.259235
540549748630,-2.6565857,-0.29224837,9.418423
540552272328,1.2731968,0.14073436,9.813078
540554795974,1.483999,-0.21080211,10.104129
540557319672,-2.7140772,-0.15271176,9.207022
540559843318,3.0200996,0.13115245,10.146648
540562367015,-0.76595426,-0.32578507,9.672343
540564890661,-0.99532133,-0.12875697,9.380694
540567414359,2.976981,0.020361567,10.23588
540569938005,-2.4697385,-0.30662125,9.380694
540572461651,1.143841,0.14552532,9.798705
540574985349,1.2779878,-0.20601116,10.085564
540577508995,-2.508066,-0.1814575,9.216603
540580032693,2.9009244,0.12636149,10.160422
540582556338,-0.84740055,-0.34075683,9.648389
540585080036,-0.87614626,-0.10001123,9.413631
540587603682,3.0392635,0.058689225,10.259235
540590127380,-2.6422129,-0.30662125,9.296253
540592651026,1.3354793,0.12636149,9.813078
540595174724,1.3306884,-0.24433881,10.0664
540597698370,-2.7140772,-0.18684733,9.23996
540600222068,3.091964,0.12636149,10.155631
540602745713,-0.918666,-0.31620318,9.648389
540605269359,-0.8953101,-0.14312984,9.395067
540607793057,2.953625,0.015570611,10.296965
540610316703,-2.5655575,-0.3018303,9.3998575
540612840401,1.2731968,0.13594341,9.831643
540615364047,1.2157054,-0.20601116,10.080772
540617887745,-2.4745293,-0.17187558,9.268106
540620411390,2.9248793,0.12636149,10.155631
540622935088,-0.93782985,-0.32099414,9.639405
540625458734,-0.7755362,-0.119175054,9.441779
540627982432,3.0153086,0.06348018,10.240072
540630506078,-2.6853313,-0.31620318,9.329191
540633029724,1.483999,0.15031628,9.864581
540635553422,1.2109144,-0.20601116,10.108919
540638077068,-2.6374218,-0.18624845,9.211813
540640600765,3.197365,0.09701688,10.165214
540643124411,-1.0192761,-0.34015796,9.65797
540645648109,-0.7611633,-0.13354793,9.357338
540648171755,2.958416,-0.0035932178,10.19336
540650695453,-2.5990942,-0.28745744,9.357338
540653219099,1.364225,0.106598794,9.841225
540655742797,1.1630049,-0.2587117,9.98675
540658266443,-2.4409926,-0.1814575,9.20223
540660790140,2.9919527,0.15989819,10.137066
540663313786,-1.0432309,-0.3647116,9.625032
540665837484,-0.72283566,-0.10001123,9.418423
540668361234,2.958416,-0.008384175,10.264027
540670884984,-2.7188683,-0.32578507,9.329191
540673408734,1.4983718,0.16468915,9.869371
540675932484,1.1109031,-0.2012202,10.0664
540678456234,-2.5990942,-0.19642924,9.268106
540680980036,3.2021558,0.15031628,10.132276
540683503786,-1.1773777,-0.34494892,9.6112585
540686027536,-0.71325374,-0.119175054,9.3998575
540688551286,2.9248793,0.010779654,10.259235
540691075036,-2.6565857,-0.29703933,9.296253
540693598786,1.479208,0.14552532,9.803496
540696122536,1.0342479,-0.16229367,10.005315
540698646338,-2.4218287,-0.20601116,9.221395
540701170088,2.9823709,0.107197665,10.137066
540703693838,-1.1486319,-0.34494892,9.629824
540706217588,-0.5791069,-0.109593146,9.456152
540708741338,2.8817606,0.010779654,10.240072
540711265088,-2.756597,-0.29703933,9.3244
540713788838,1.6325186,0.17906202,9.841225
540716312640,1.0294569,-0.2012202,10.056818
540718836390,-2.5847213,-0.19583037,9.277688
540721360140,3.2261107,0.14552532,10.183778
540723883890,-1.3163154,-0.32578507,9.615451
540726407640,-0.6174346,-0.06647453,9.460942
540728931390,2.9200883,-0.01796609,10.216716
540731455193,-2.7086873,-0.34494892,9.296253
540733978943,1.6085639,0.15510723,9.907101
540736502693,0.9623835,-0.20062132,10.052626
540739026443,-2.3787103,-0.1814575,9.314818
540741550193,3.0398622,0.12636149,10.188569
540744073943,-1.2109144,-0.3647116,9.57353
540746597693,-0.5024516,-0.022757046,9.479507
540749121495,2.833851,-0.032338962,10.226298
540751645245,-2.7805517,-0.3551297,9.305836
540754168995,1.7379197,0.1694801,9.874163
540756692745,0.9240559,-0.17187558,10.028671
540759216495,-2.5463936,-0.1479208,9.272898
540761740245,3.2692294,0.13594341,10.216716
540764263995,-1.3779991,-0.31141222,9.615451
540766787797,-0.48328778,-0.022757046,9.451361
540769311547,2.8673878,0.029943481,10.240072
540771835297,-2.7661788,-0.32099414,9.314818
540774359047,1.7187558,0.11677958,9.85979
540776882797,0.89051914,-0.21080211,10.0005245
540779406547,-2.3451736,-0.17187558,9.291462
540781930297,3.0446532,0.11677958,10.141857
540784454099,-1.3396714,-0.31620318,9.587304
540786977849,-0.4401692,-0.037129916,9.521428
540789501599,2.7380319,-0.041920874,10.244863
540792025349,-2.7757607,-0.31141222,9.338773
540794549099,1.8672755,0.15031628,9.878355
540797072849,0.8282367,-0.16229367,9.963394
540799596599,-2.4697385,-0.14312984,9.291462
540802120401,3.3410938,0.107197665,10.165214
540804644151,-1.488191,-0.3647116,9.554366
540807167901,-0.37788674,-0.027548004,9.432197
540809691651,2.853015,-0.027548004,10.240072
540812215401,-2.852416,-0.32578507,9.347756
540814739151,1.8002021,0.121570535,9.887937
540817262901,0.80428195,-0.17666654,9.977168
540819786703,-2.3164277,-0.19103941,9.253734
540822310453,3.0781898,0.077853054,10.1789875
540824834203,-1.3971629,-0.36950257,9.549575
540827357953,-0.29644048,-0.008384175,9.498073
540829881703,2.6613767,-0.06647453,10.188569
540832405453,-2.7901337,-0.31620318,9.296253
540834929255,1.934349,0.17427106,9.911292
540837453005,0.71325374,-0.17666654,10.010106
540839976755,-2.383501,-0.13354793,9.268106
540842500505,3.3698394,0.15989819,10.221507
540845024255,-1.6223378,-0.4078302,9.568739
540847548005,-0.26769474,-0.08563836,9.460343
540850071755,2.8003144,-0.022757046,10.235281
540852595557,-2.8907437,-0.33057603,9.258525
540855119307,1.9583037,0.092824794,9.902309
540857643057,0.7234345,-0.1814575,9.94423
540860166807,-2.282891,-0.095220275,9.235168
540862690557,3.0973537,0.058689225,10.160422
540865214307,-1.5121459,-0.34973988,9.535801
540867738057,-0.21020325,-0.027548004,9.545383
540870261859,2.604484,-0.046711832,10.202343
540872785609,-2.7374332,-0.3018303,9.347756
540875309359,2.0157952,0.11198862,9.9346485
540877833109,0.5701239,-0.19583037,10.0005245
540880356859,-2.3308005,-0.13833888,9.268106
540882880609,3.3602576,0.107197665,10.254445
540885404359,-1.7277389,-0.34015796,9.587304
540887928161,-0.18624845,-0.027548004,9.554366
540890451911,2.72845,-0.0808474,10.23049
540892975661,-2.9242804,-0.28745744,9.268106
540895499411,2.0870607,0.14073436,9.920875
540898023161,0.5892877,-0.1479208,10.014897
540900546911,-2.2062356,-0.123966016,9.258525
540903070661,3.174009,0.08324288,10.160422
540905594463,-1.5696373,-0.33057603,9.568739
540908118213,-0.109593146,-0.0035932178,9.57353
540910641963,2.5278287,-0.05150279,10.183778
540913165713,-2.7853427,-0.26350263,9.258525
540915689463,2.0966425,0.14073436,9.930456
540918213213,0.49346858,-0.15750271,9.911292
540920736963,-2.287682,-0.12875697,9.268106
540923260765,3.3560655,0.06827114,10.211925
540925784515,-1.842123,-0.335367,9.521428
540928308265,-0.09042931,-0.041920874,9.469926
540930832015,2.6332297,-0.10001123,10.258636
540933355765,-2.9673991,-0.29224837,9.310027
540935879515,2.2116256,0.14073436,9.94423
540938403318,0.45993188,-0.21020325,9.916083
540940927068,-2.1966538,-0.12875697,9.28188
540943450818,3.2315006,0.053898267,10.277801
540945974568,-1.6894113,-0.34494892,9.48849
540948498318,-0.008983045,0.029943481,9.582513
540951022068,2.4607553,-0.0808474,10.155631
540953545818,-2.747015,-0.28745744,9.314818
540956069620,2.18288,0.092824794,9.981959
540958593370,0.43118614,-0.19103941,9.9017105
540961117120,-2.1295805,-0.109593146,9.272898
540963640870,3.3225288,0.08803384,10.235281
540966164620,-1.8804506,-0.34494892,9.507654
540968688370,0.058090355,0.03473444,9.512445
540971212120,2.5565746,-0.12875697,10.221507
540973735922,-2.9673991,-0.3018303,9.248942
540976259672,2.3745182,0.13594341,10.0005245
540978783422,0.39285848,-0.21020325,9.949021
540981307172,-2.172699,-0.109593146,9.3244
540983830922,3.3225288,0.08324288,10.254445
540986354672,-1.8469139,-0.31620318,9.526219
540988878422,0.038926527,0.092824794,9.638806
540991402224,2.4320097,-0.07066662,10.244863
540993925974,-2.747015,-0.24912977,9.28188
540996449724,2.2403712,0.121570535,9.953813
540998973474,0.32578507,-0.18624845,9.925665
541001497224,-2.0002246,-0.1143841,9.338174
541004020974,3.3512745,0.053898267,10.1789875
541006544724,-1.9954336,-0.28745744,9.479507
541009068526,0.120372795,0.09761575,9.559157
541011592276,2.4607553,-0.104802184,10.188569
541014116026,-3.0386646,-0.3018303,9.220796
541016639776,2.4799192,0.092824794,10.014897
541019163526,0.2305648,-0.19103941,9.920875
541021687276,-2.1056256,-0.13354793,9.244152
541024211026,3.3512745,0.053898267,10.277801
541026734828,-1.9235693,-0.31141222,9.460343
541029258578,0.12516375,0.09761575,9.587304
541031782328,2.3122356,-0.13354793,10.188569
541034306078,-2.7805517,-0.29703933,9.277089
541036829828,2.3218176,0.107197665,10.028671
541039353578,0.22577386,-0.23894899,9.8687725
541041877380,-1.9187783,-0.14312984,9.305237
541044401130,3.2842011,0.058689225,10.216716
541046924880,-2.0289702,-0.36411273,9.465135
541049448630,0.2784744,0.078451924,9.634016
541051972380,2.3505633,-0.123966016,10.244863
541054496130,-3.0578284,-0.25392073,9.352547
541057019880,2.5517836,0.10240671,9.995733
541059543682,0.10120897,-0.26350263,9.953813
541062067432,-2.0145974,-0.15271176,9.296253
541064591182,3.3896022,0.04910731,10.263428
541067114932,-2.0337613,-0.30662125,9.48849
541069638682,0.24972863,0.08324288,9.615451
541072162432,2.2840889,-0.123966016,10.183778
541074686182,-2.7661788,-0.22936708,9.291462
541077209984,2.4272187,0.08803384,9.9346485
541079733734,0.13474567,-0.28266647,9.850207
541082257484,-1.8325411,-0.16708463,9.3244
541084781234,3.2458735,0.0059886966,10.202343
541087304984,-2.1152077,-0.34973988,9.493281
541089828734,0.3886664,0.09761575,9.671744
541092352484,2.255343,-0.16229367,10.169405
541094876286,-3.0338736,-0.28745744,9.244152
541097400036,2.614066,0.07366096,10.028671
541099923786,-0.0041920873,-0.28745744,9.878355
541102447536,-1.9475241,-0.15750271,9.263315
541104971286,3.4231389,0.06887001,10.207134
541107495036,-2.2104278,-0.3545308,9.469926
541110018786,0.34075683,0.06887001,9.620242
541112542588,2.159524,-0.123966016,10.131677
541115066338,-2.8566082,-0.2485309,9.216004
541117590088,2.4511733,0.14073436,10.014298
541120113838,0.014971741,-0.2587117,9.807688
541122637588,-1.7654676,-0.12875697,9.300446
541125161338,3.2123368,0.121570535,10.225699
541127685088,-2.1721,-0.3018303,9.478909
541130208890,0.43657598,0.10240671,9.643598
541132732640,2.1211963,-0.1814575,10.169405
541135256390,-2.9907548,-0.22457612,9.263315
541137780140,2.73384,0.15031628,10.0472355
541140303890,-0.104802184,-0.27308455,9.9017105
541142827640,-1.8181682,-0.14312984,9.300446
541145351443,3.4423027,0.03473444,10.220908
541147875193,-2.3493655,-0.32578507,9.422615
541150398943,0.4557398,0.121570535,9.685518
541152922693,2.1691058,-0.17666654,10.159823
541155446443,-2.8470263,-0.23415802,9.357338
541157970193,2.5901113,0.06887001,10.033462
541160493943,-0.037728786,-0.2778755,9.798705
541163017745,-1.6600666,-0.119175054,9.338174
541165541390,3.183591,0.054497138,10.207134
541168065036,-2.2152188,-0.335367,9.441779
541170588734,0.5365872,0.13115245,9.601078
541173112380,2.0397499,-0.19583037,10.188569
541175636078,-2.985964,-0.20541228,9.286672
541178159724,2.7721674,0.10240671,10.033462
541180683370,-0.20002246,-0.29224837,9.807688
541183207068,-1.731931,-0.119175054,9.286672
541185730713,3.3943932,0.078451924,10.277801
541188254411,-2.430812,-0.31620318,9.450762
541190778057,0.5988696,0.11198862,9.61066
541193301703,2.0732868,-0.16708463,10.127484
541195825401,-2.9045177,-0.20541228,9.286672
541198349047,2.6859303,0.092824794,10.0801735
541200872693,-0.18085863,-0.26350263,9.850207
541203396390,-1.5642475,-0.108994275,9.408841
541205920036,3.2219186,0.054497138,10.23049
541208443734,-2.2679193,-0.335367,9.422615
541210967380,0.6563611,0.12636149,9.666954
541213491026,1.9918404,-0.17666654,10.155631
541216014724,-2.8853538,-0.22457612,9.291462
541218538370,2.83445,0.107197665,10.061608
541221062015,-0.32458735,-0.30662125,9.831044
541223585713,-1.621739,-0.15271176,9.253734
541226109359,3.4327207,0.078451924,10.258636
541228633057,-2.5026762,-0.2778755,9.474117
541231156703,0.7378074,0.08324288,9.652581
541233680349,2.0157952,-0.22936708,10.094546
541236204047,-2.9284725,-0.23894899,9.253734
541238727693,2.7577946,0.121570535,10.070592
541241251390,-0.30063257,-0.2778755,9.770558
541243775036,-1.4732193,-0.15750271,9.375903
541246298682,3.1219075,0.03473444,10.211925
541248822380,-2.3302019,-0.30662125,9.422615
541251346026,0.7521803,0.08803384,9.685518
541253869672,1.8439196,-0.23894899,10.141258
541256393370,-2.8230715,-0.20541228,9.28188
541258917015,2.8727777,0.12636149,10.075383
541261440713,-0.4395703,-0.31620318,9.798705
541263964359,-1.5163379,-0.1814575,9.310027
541266488005,3.3608563,0.06407905,10.253846
541269011703,-2.6074784,-0.30662125,9.389677
541271535349,0.8336265,0.12636149,9.709474
541274058995,1.8726654,-0.20541228,10.159823
541276582693,-2.9188907,-0.123966016,9.248942
541279106338,2.8488228,0.13594341,10.094546
541281630036,-0.43477935,-0.30662125,9.769959
541284153682,-1.4061459,-0.07545757,9.375903
541286677328,3.1266983,0.107197665,10.235281
541289201026,-2.3589475,-0.32099414,9.441779
541291724672,0.8719542,0.12636149,9.73762
541294248318,1.7097728,-0.25811282,10.141258
541296772015,-2.8470263,-0.21499419,9.258525
541299295661,2.9206872,0.11677958,10.0801735
541301819359,-0.5401804,-0.29224837,9.709474
541304343005,-1.3785979,-0.109593146,9.315417
541306866651,3.297975,0.053898267,10.264027
541309390349,-2.6038852,-0.2587117,9.418423
541311913995,1.0007112,0.15031628,9.65797
541314437693,1.8091851,-0.2347569,10.061608
541316961338,-2.9242804,-0.21559307,9.272898
541319484984,3.0111165,0.106598794,10.057417
541322008682,-0.52161545,-0.32099414,9.70049
541324532328,-1.3115245,-0.10001123,9.395067
541327055974,3.1207097,0.04910731,10.231089
541329579672,-2.4266198,-0.32099414,9.423214
541332103318,0.94321966,0.12636149,9.765767
541334627015,1.6181457,-0.21080211,10.099338
541337150661,-2.7613878,-0.16708463,9.254333
541339674307,2.8817606,0.18385299,10.165214
541342198005,-0.64618033,-0.30662125,9.760976
541344721651,-1.2396601,-0.119175054,9.428004
541347245297,3.2883933,0.015570611,10.259235
541349768995,-2.6661677,-0.2682936,9.40405
541352292640,1.1013212,0.1694801,9.728638
541354816338,1.6948011,-0.22996594,10.0664
541357339984,-2.9146986,-0.15271176,9.169293
541359863630,2.9967437,0.10180784,8.554254
541362387328,-0.50724256,-0.013175132,4.6657934
541364910974,-0.19103941,-0.44615787,19.994461
541367434672,0.2778755,-0.109593146,9.6112585
541369958318,-0.35872293,-0.008384175,5.591047
541372481963,1.0821574,0.10180784,10.568851
541375005661,0.52161545,-0.14312984,9.662762
541377529307,-1.4498634,-0.15750271,9.11779
541380052953,2.1205974,0.10180784,10.6491
541382576651,-0.8228469,-0.22996594,8.742299
541385100297,0.0335367,-0.16229367,10.310739
541387623995,0.73720855,0.020361567,9.662762
541390147640,-0.5599431,-0.13354793,9.145937
541392671286,0.7755362,-0.008384175,10.231089
541395194984,0.110192016,-0.19583037,9.40405
541397718630,-0.014372871,-0.109593146,10.056818
541400242276,0.569525,-0.052101657,9.981959
541402765974,-0.17666654,-0.18624845,9.418423
541405289620,0.41202232,-0.095220275,10.273009
541407813318,0.22996594,-0.0808474,9.596886
541410336963,-0.043118615,-0.041920874,9.352547
541412860609,0.44076806,0.0011977393,10.071191
541415384307,-0.004790957,-0.16229367,9.489089
541417907953,0.13893776,-0.1143841,9.634615
541420431651,0.3880675,-0.104802184,10.052626
541422955297,-0.12875697,-0.22996594,9.413631
541425478943,0.47430477,-0.10001123,9.854999
541428002640,0.21559307,-0.0808474,9.817869
541430526286,-0.009581914,-0.1143841,9.3669195
541433049932,0.45993188,-0.104802184,10.170004
541435573630,0.023954786,-0.17187558,9.615451
541438097276,0.2012202,-0.07126549,9.770558
541440620974,0.3880675,-0.1143841,10.108919
541443144620,-0.047909573,-0.19583037,9.347756
541445668265,0.37369466,-0.056892615,9.991541
541448191963,0.110192016,-0.07126549,9.765767
541450715609,0.07186436,-0.056892615,9.469926
541453239255,0.41681325,-0.01796609,10.198151
541455762953,0.028745743,-0.17187558,9.526219
541458286599,0.2347569,-0.109593146,9.699891
541460810297,0.28745744,-0.041920874,9.958603
541463333943,-0.0335367,-0.16708463,9.352547
541465857588,0.36411273,-0.09042931,10.0005245
541468381286,0.09102818,-0.056892615,9.775349
541470904932,0.110192016,-0.061683573,9.57353
541473428578,0.37848562,-0.07605644,10.099338
541475952276,0.0335367,-0.17187558,9.517237
541478475922,0.27308455,-0.1143841,9.723846
541480999620,0.25392073,-0.0808474,9.85979
541483523265,-0.023954786,-0.16229367,9.3998575
541486046911,0.3689037,-0.06647453,10.0005245
541488570609,0.13893776,-0.09042931,9.667553
541491094255,0.15331063,-0.08563836,9.587304
541493617953,0.40723136,-0.0808474,10.043044
541496141599,0.009581914,-0.1143841,9.489089
541498665245,0.21080211,-0.041920874,9.841225
541501188943,0.24912977,-0.056892615,9.977168
541503712588,0.0,-0.18624845,9.517237
541506236234,0.3880675,-0.1143841,9.916083
541508759932,0.12935585,-0.07605644,9.57353
541511283578,0.095819145,-0.10001123,9.563948
541513807276,0.35932177,-0.10001123,9.991541
541516330922,0.019163828,-0.19103941,9.531011
541518854568,0.2778755,-0.13354793,9.756784
541521378265,0.24912977,-0.01796609,9.883145
541523901911,-0.028745743,-0.12875697,9.493281
541526425557,0.41681325,-0.1143841,9.841225
541528949255,0.1341468,-0.046711832,9.742412
541531472901,0.124564886,-0.041920874,9.606468
541533996599,0.43118614,-0.1479208,10.32032
541536520245,0.009581914,-0.19583037,9.681327
541539043890,0.28266647,-0.09042931,9.606468
541541567588,0.29703933,-0.008384175,10.1460495
541544091234,-0.043118615,-0.13833888,9.362129
541546614932,0.41202232,-0.1143841,9.897518
541549138578,0.12935585,-0.1143841,9.540592
541551662224,0.110192016,-0.07126549,9.639405
541554185922,0.37369466,-0.12875697,10.033462
541556709568,0.08144627,-0.18624845,9.502863
541559233213,0.33057603,-0.1143841,9.831643
541561756911,0.2587117,-0.07605644,9.892728
541564280557,0.028745743,-0.095220275,9.526219
541566804255,0.3689037,-0.1143841,9.958603
541569327901,0.1006101,-0.08563836,9.615451
541571851547,0.15810159,-0.07126549,9.634615
541574375245,0.335367,-0.104802184,9.906502
541576898890,0.038327657,-0.104802184,9.512445
541579422536,0.27308455,-0.095220275,9.803496
541581946234,0.22517498,-0.061683573,9.822061
541584469880,0.019163828,-0.1479208,9.648389
541586993578,0.40723136,-0.12875697,10.019688
541589517224,0.095819145,-0.1479208,9.643598
541592040870,0.12935585,-0.14312984,9.615451
541594564568,0.34494892,-0.1479208,10.024479
541597088213,0.023954786,-0.09042931,9.549575
541599611911,0.3545308,-0.13833888,9.813078
541602135557,0.24912977,-0.104802184,9.864581
541604659203,0.057491485,-0.15750271,9.460343
541607182901,0.43118614,-0.10001123,9.949021
541609706547,0.095819145,-0.07126549,9.643598
541612230193,0.15331063,-0.123966016,9.61066
541614753890,0.37369466,-0.09042931,10.033462
541617277536,0.023954786,-0.109593146,9.465135
541619801234,0.33057603,-0.07126549,9.831643
541622324880,0.25392073,-0.056892615,9.841225
541624848526,0.028745743,-0.14312984,9.432197
541627372224,0.42160422,-0.07605644,9.93944
541629895870,0.07665531,-0.07605644,9.662762
541632419515,0.14851967,-0.095220275,9.667553
541634943213,0.36411273,-0.08563836,9.972377
541637466859,0.0,-0.027548004,9.413631
541639990557,0.33057603,-0.12875697,9.789124
541642514203,0.2587117,-0.104802184,9.831643
541645037849,0.023954786,-0.16708463,9.502863
541647561547,0.41681325,-0.05150279,10.024479
541650085193,0.062282443,-0.08563836,9.629824
541652608838,0.14372872,-0.123966016,9.6957
541655132536,0.3880675,-0.0808474,10.047834
541657656182,-0.004790957,-0.06647453,9.465135
541660179880,0.2778755,-0.13833888,9.813078
541662703526,0.22996594,-0.104802184,9.850207
541665227224,0.047909573,-0.1143841,9.460343
541667750922,0.40723136,-0.07605644,10.005315
541670274620,0.07186436,-0.12875697,9.601677
541672798370,0.14851967,-0.1479208,9.620242
541675322068,0.36411273,-0.109593146,10.02388
541677845818,-0.013774002,-0.07126549,9.469926
541680369515,0.27308455,-0.095220275,9.845417
541682893213,0.19163829,-0.1143841,9.916083
541685416963,0.052700527,-0.14312984,9.418423
541687940661,0.43118614,-0.109593146,9.911292
541690464411,0.08144627,-0.07605644,9.587304
541692988109,0.15331063,-0.109593146,9.690908
541695511807,0.335367,-0.13354793,10.080772
541698035557,0.023954786,-0.037129916,9.507654
541700559255,0.31141222,-0.109593146,9.798705
541703083005,0.23954785,-0.10001123,9.874163
541705606703,0.052700527,-0.13354793,9.545383
541708130401,0.37848562,-0.095220275,9.9675865
541710654151,0.13893776,-0.109593146,9.662762
541713177849,0.16289254,-0.104802184,9.606468
541715701599,0.38327658,-0.15750271,9.995733
541718225297,0.023954786,-0.095220275,9.436988
541720748995,0.31620318,-0.095220275,9.808287
541723272745,0.2347569,-0.1143841,9.813078
541725796443,0.062282443,-0.14312984,9.474716
541728320193,0.40723136,-0.07126549,10.043044
541730843890,0.1006101,-0.08563836,9.582513
541733367640,0.15331063,-0.09042931,9.582513
541735891338,0.3880675,-0.13354793,9.991541
541738415036,0.028745743,-0.095220275,9.48849
541740938786,0.35932177,-0.13833888,9.897518
541743462484,0.24433881,-0.109593146,9.85979
541745986234,0.019762699,-0.13833888,9.456152
541748509932,0.41202232,-0.109593146,9.991541
541751033630,0.11498297,-0.07126549,9.638806
541753557380,0.19642924,-0.123966016,9.686117
541756081078,0.37369466,-0.1143841,9.977168
541758604828,0.005389827,-0.027548004,9.535801
541761128526,0.32099414,-0.095220275,9.854999
541763652224,0.21559307,-0.095220275,9.850207
541766175974,0.0335367,-0.17187558,9.465135
541768699672,0.38327658,-0.06647453,10.02388
541771223422,0.1006101,-0.06647453,9.606468
541773747120,0.13893776,-0.095220275,9.666954
541776270818,0.36411273,-0.104802184,9.949021
541778794568,0.019762699,-0.05150279,9.428004
541781318265,0.33057603,-0.12875697,9.902309
541783842015,0.21559307,-0.13354793,9.864581
541786365713,0.038926527,-0.1814575,9.517237
541788889411,0.3880675,-0.104802184,10.056818
541791413161,0.119773924,-0.104802184,9.568739
541793936859,0.21080211,-0.10001123,9.671744
541796460609,0.3689037,-0.15750271,9.930456
541798984307,0.019762699,-0.022757046,9.460343
541801508005,0.29703933,-0.095220275,9.854999
541804031755,0.19163829,-0.109593146,9.808287
541806555453,0.04850844,-0.1479208,9.517237
541809079203,0.39285848,-0.07605644,9.991541
541811602901,0.110192016,-0.119175054,9.57353
541814126599,0.22038403,-0.1143841,9.709474
541816650349,0.37369466,-0.123966016,9.972377
541819174047,5.9886964E-4,-0.056293745,9.48849
541821697797,0.28745744,-0.119175054,9.85979
541824221495,0.20601116,-0.119175054,9.85979
541826745193,0.0670734,-0.06647453,9.474716
541829268943,0.39285848,0.0059886966,10.038253
541831792640,0.07665531,-0.07126549,9.559157
541834316390,0.21080211,-0.13354793,9.704682
541836840088,0.34494892,-0.095220275,9.972377
541839363786,0.03413557,-0.109593146,9.469926
541841887536,0.3689037,-0.13833888,9.925665
541844411234,0.19163829,-0.07126549,9.808287
541846934984,0.043717485,-0.1143841,9.517237
541849458682,0.39285848,-0.08563836,10.028671
541851982432,0.058090355,-0.1143841,9.568739
541854506130,0.19642924,-0.08563836,9.73762
541857029828,0.32578507,-0.08563836,9.995733
541859553578,0.010180783,-0.022757046,9.502863
541862077276,0.31620318,-0.12875697,9.925665
541864601026,0.1772654,-0.13354793,9.756186
541867124724,0.06767227,-0.095220275,9.484299
541869648422,0.3880675,-0.06587566,9.958603
541872172172,0.07725418,-0.1479208,9.605869
541874695870,0.2012202,-0.14312984,9.714264
541877219620,0.34973988,-0.104802184,9.9675865
541879743318,-0.0041920873,-0.05150279,9.507654
541882267015,0.34973988,-0.104802184,9.85979
541884790765,0.22996594,-0.109593146,9.808287
541887314463,0.06767227,-0.123966016,9.446569
541889838213,0.40723136,-0.041920874,10.028671
541892361911,0.06767227,-0.14312984,9.643598
541894885609,0.17247446,-0.119175054,9.756186
541897409359,0.35932177,-0.06587566,9.916083
541899933057,0.053299397,-0.046711832,9.493281
541902456807,0.37848562,-0.15750271,9.873564
541904980505,0.1772654,-0.119175054,9.789124
541907504203,0.07725418,-0.06587566,9.554366
541910027953,0.42639518,-0.041920874,10.014897
541912551651,0.06288131,-0.14312984,9.568739
541915075401,0.1676835,-0.13833888,9.699891
541917599099,0.35932177,-0.123966016,9.98675
541920122797,0.024553655,-0.0808474,9.512445
541922646547,0.31620318,-0.12875697,9.897518
541925170245,0.19642924,-0.13833888,9.793914
541927693995,0.091627054,-0.109593146,9.484299
541930217693,0.3880675,-0.06587566,9.990942
541932741390,0.03413557,-0.13354793,9.568739
541935265140,0.21559307,-0.109593146,9.714264
541937788838,0.40723136,-0.12875697,9.949021
541940312588,0.014971741,-0.10001123,9.512445
541942836286,0.37369466,-0.119175054,9.831643
541945359984,0.21559307,-0.1143841,9.751993
541947883734,0.110790886,-0.08563836,9.596886
541950407432,0.4024404,-0.061084703,10.084965
541952931182,0.07246323,-0.1479208,9.57353
541955454880,0.19163829,-0.095220275,9.742412
541957978578,0.335367,-0.123966016,9.958603
541960502328,5.9886964E-4,-0.10001123,9.521428
541963026026,0.34494892,-0.123966016,9.873564
541965549776,0.20601116,-0.15271176,9.775349
541968073474,0.12516375,-0.14312984,9.484299
541970597224,0.39285848,-0.037129916,9.94423
541973120922,0.053299397,-0.12875697,9.568739
541975644620,0.22996594,-0.08563836,9.751993
541978168370,0.37369466,-0.119175054,9.920875
541980692068,0.029344613,-0.09042931,9.549575
541983215818,0.335367,-0.109593146,9.897518
541985739515,0.19642924,-0.1143841,9.775349
541988263213,0.08204514,-0.123966016,9.577723
541990786963,0.38327658,-0.05150279,10.02388
541993310661,0.053299397,-0.1479208,9.587304
541995834411,0.19163829,-0.046711832,9.690908
541998358109,0.33057603,-0.0808474,9.94423
542000881807,0.019762699,-0.13833888,9.549575
542003405557,0.35932177,-0.109593146,9.883145
542005929255,0.18684733,-0.07066662,9.798705
542008453005,0.07246323,-0.08563836,9.634016
542010976703,0.38327658,-0.05150279,10.0801735
542013500401,0.024553655,-0.16708463,9.596886
542016024151,0.17247446,-0.119175054,9.789124
542018547849,0.27308455,-0.109593146,9.9675865
542021071599,0.005389827,-0.06587566,9.479507
542023595297,0.37369466,-0.09042931,9.85979
542026118995,0.21080211,-0.08563836,9.756186
542028642745,0.06767227,-0.0808474,9.568739
542031166443,0.36411273,-0.046711832,10.038253
542033690193,0.09641801,-0.15750271,9.559157
542036213890,0.21559307,-0.095220275,9.719055
542038737588,0.32578507,-0.104802184,9.920875
542041261338,-0.028146872,-0.09042931,9.516638
542043785036,0.32099414,-0.109593146,9.911292
542046308786,0.18205637,-0.109593146,9.723248
542048832484,0.105999924,-0.08563836,9.549575
542051356182,0.34973988,-0.032338962,10.005315
542053879932,0.07246323,-0.12875697,9.521428
542056403630,0.25392073,-0.056293745,9.742412
542058927380,0.35932177,-0.07066662,9.93944
542061451078,-0.0041920873,-0.08563836,9.469926
542063974776,0.32578507,-0.14312984,9.920875
542066498526,0.15870045,-0.13833888,9.751993
542069022224,0.0868361,-0.037129916,9.568739
542071545974,0.3689037,0.010779654,9.958603
542074069672,0.06288131,-0.15271176,9.577723
542076593422,0.20601116,-0.095220275,9.742412
542079117120,0.335367,-0.095220275,9.887937
542081640818,0.005389827,-0.119175054,9.493281
542084164568,0.3880675,-0.095220275,9.929857
542086688265,0.21559307,-0.05150279,9.719055
542089212015,0.11558184,-0.109593146,9.57353
542091735713,0.3689037,-0.032338962,9.990942
542094259411,0.06767227,-0.1814575,9.549575
542096783161,0.27308455,-0.041920874,9.751394
542099306859,0.35932177,-0.056293745,9.920875
542101830609,-0.0041920873,-0.16229367,9.460343
542104354307,0.34015796,-0.08563836,9.9017105
542106878005,0.18265525,-0.123966016,9.742412
542109401755,0.11558184,-0.095220275,9.572931
542111925453,0.3689037,-0.06587566,10.010106
542114449203,0.03413557,-0.16229367,9.563948
542116972901,0.22996594,-0.06587566,9.784332
542119496599,0.30662125,-0.08563836,9.9346485
542122020349,5.9886964E-4,-0.119175054,9.512445
542124544047,0.34494892,-0.10001123,9.878355
542127067797,0.18744619,-0.123966016,9.751394
542129591495,0.11558184,-0.10001123,9.587304
542132115193,0.34973988,-0.022757046,10.02388
542134638943,0.043717485,-0.20062132,9.493281
542137162640,0.21559307,-0.10001123,9.812479
542139686390,0.31620318,-0.104802184,9.958603
542142210088,0.043717485,-0.15271176,9.512445
542144733786,0.37848562,-0.095220275,9.873564
542147257536,0.15390949,-0.109593146,9.756186
542149781234,0.14432758,-0.01796609,9.498073
542152304984,0.34494892,-0.05150279,10.010106
542154828682,0.08204514,-0.1814575,9.540592
542157352380,0.2587117,-0.07066662,9.78014
542159876130,0.3018303,-0.056293745,9.93944
542162399828,0.010180783,-0.18624845,9.512445
542164923578,0.3689037,-0.123966016,9.920875
542167447276,0.18265525,-0.12875697,9.732829
542169971026,0.12995471,-0.104802184,9.625032
542172494776,0.37369466,-0.06587566,10.005315
542175018474,0.06767227,-0.19103941,9.540592
542177542224,0.23954785,-0.08563836,9.751394
542180065974,0.28266647,-0.104802184,9.883145
542182589672,0.03413557,-0.15271176,9.4837
542185113422,0.3545308,-0.13833888,9.887937
542187637172,0.16828237,-0.056293745,9.714264
542190160870,0.14911854,-0.05150279,9.544785
542192684620,0.3689037,-0.061084703,10.028671
542195208370,0.038926527,-0.19583037,9.493281
542197732068,0.23954785,-0.05150279,9.747202
542200255818,0.29224837,-0.061084703,9.920875
542202779568,-0.018564958,-0.19583037,9.460343
542205303265,0.37848562,-0.080248535,9.916083
542207827015,0.15390949,-0.104802184,9.719055
542210350765,0.09641801,-0.09042931,9.540592
542212874463,0.37369466,-0.07545757,9.981959
542215398213,0.053299397,-0.16229367,9.568739
542217921963,0.28266647,-0.08563836,9.765767
542220445661,0.29703933,-0.095220275,9.892728
542222969411,5.9886964E-4,-0.22457612,9.441779
542225493161,0.45034996,-0.056293745,9.972377
542228016859,0.0868361,-0.09042931,9.643598
542230540609,0.18265525,-0.15271176,9.605869
542233064359,0.3880675,-0.12875697,10.056818
542235588057,0.04850844,-0.17187558,9.512445
542238111807,0.26350263,-0.07545757,9.742412
542240635557,0.32578507,-0.061084703,9.854999
542243159255,0.019762699,-0.07545757,9.554366
542245683005,0.31620318,-0.09042931,9.883145
542248206755,0.19702812,-0.080248535,9.775349
542250730453,0.07725418,-0.080248535,9.666954
542253254203,0.2778755,-0.08563836,9.873564
542255777953,0.13953662,-0.13354793,9.65797
542258301651,0.17786428,-0.07545757,9.732829
542260825401,0.2778755,-0.05150279,9.873564
542263349151,0.14432758,-0.1143841,9.695101
542265872849,0.2209829,-0.08563836,9.765767
542268396599,0.20181906,-0.06587566,9.793914
542270920349,0.16828237,-0.10001123,9.69031
542273444047,0.24014673,-0.12875697,9.822061
542275967797,0.18744619,-0.095220275,9.775349
542278491547,0.15390949,-0.09042931,9.742412
542281015245,0.24014673,-0.10001123,9.826852
542283538995,0.17307332,-0.119175054,9.751394
542286062745,0.15870045,-0.095220275,9.728039
542288586443,0.18265525,-0.104802184,9.719055
542291110193,0.15390949,-0.13354793,9.676536
542293633943,0.15390949,-0.095220275,9.686117
542296157640,0.19223715,-0.095220275,9.770558
542298681390,0.18265525,-0.041920874,9.704682
542301205140,0.22577386,-0.07545757,9.779541
542303728838,0.18385299,-0.108994275,9.73223
542306252588,0.18385299,-0.10420331,9.755587
542308776338,0.21259873,-0.14253098,9.741813
542311300036,0.19822586,-0.10420331,9.765168
542313823786,0.19822586,-0.108994275,9.783733
542316347536,0.18864393,-0.123367146,9.783733
542318871234,0.17427106,-0.08503949,9.760377
542321394984,0.24134447,-0.06587566,9.722649
542323918734,0.24134447,-0.108994275,9.72744
542326442432,0.21738967,-0.055694874,9.821462
542328966182,0.20780776,-0.13294905,9.741813
542331489932,0.20780776,-0.07545757,9.656773
542334013630,0.25092638,-0.094621405,9.750795
542336537380,0.19822586,-0.11378523,9.802897
542339061130,0.1934349,-0.07545757,9.741813
542341584828,0.21259873,-0.09941236,9.722649
542344108578,0.21738967,-0.14732192,9.760377
542346632328,0.24134447,-0.07545757,9.717857
542349156026,0.26529926,-0.07545757,9.72744
542351679776,0.20780776,-0.055694874,9.746004
542354203526,0.21738967,-0.108994275,9.737021
542356727224,0.2269716,-0.060485832,9.755587
542359250974,0.22218063,-0.08983044,9.760377
542361774724,0.18864393,-0.09941236,9.741813
542364298422,0.15031628,-0.09941236,9.765168
542366822172,0.22218063,-0.11378523,9.741813
542369345922,0.22218063,-0.08983044,9.807089
542371869620,0.2030168,-0.080248535,9.737021
542374393370,0.18864393,-0.13294905,9.760377
542376917120,0.18385299,-0.13774002,9.783733
542379440818,0.18864393,-0.16648576,9.760377
542381964568,0.20780776,-0.1281581,9.798106
542384488318,0.22218063,-0.055694874,9.807089
542387012015,0.18864393,-0.07066662,9.760377
542389535765,0.2365535,-0.11378523,9.760377
542392059515,0.17427106,-0.11857619,9.755587
542394583213,0.1694801,-0.14253098,9.750795
542397106963,0.20780776,-0.108994275,9.722649
542399630713,0.21259873,-0.08983044,9.737021
542402154411,0.18864393,-0.080248535,9.755587
542404678161,0.20780776,-0.08983044,9.750795
542407201911,0.2269716,-0.13774002,9.816671
542409725609,0.2030168,-0.10420331,9.704083
542412249359,0.1694801,-0.055694874,9.750795
542414773109,0.2030168,-0.06527679,9.774151
542417296807,0.23176254,-0.123367146,9.737021
542419820557,0.2030168,-0.108994275,9.755587
542422344307,0.24134447,-0.094621405,9.774151
542424868005,0.19822586,-0.080248535,9.788525
542427391755,0.17906202,-0.108994275,9.807089
542429915505,0.20780776,-0.05090392,9.760377
542432439203,0.20780776,-0.06527679,9.737021
542434962953,0.15989819,-0.14253098,9.769959
542437486703,0.19822586,-0.07006775,9.713067
542440010401,0.22218063,-0.11378523,9.699292
542442534151,0.18385299,-0.08503949,9.741214
542445057901,0.24134447,-0.07006775,9.72744
542447581599,0.2269716,-0.055694874,9.737021
542450105349,0.2269716,-0.13294905,9.755587
542452629099,0.21259873,-0.13294905,9.741214
542455152797,0.2030168,-0.09941236,9.737021
542457676547,0.2030168,-0.14732192,9.765168
542460200297,0.2269716,-0.11857619,9.708875
542462723995,0.24134447,-0.0748587,9.746004
542465247745,0.17906202,-0.08503949,9.699292
542467771495,0.1934349,-0.080248535,9.737021
542470295193,0.23176254,-0.07006775,9.802299
542472818943,0.17906202,-0.094621405,9.671145
542475342693,0.17906202,-0.10420331,9.689711
542477866390,0.17906202,-0.0748587,9.713067
542480390140,0.18385299,-0.08503949,9.802299
542482913890,0.23176254,-0.0748587,9.783733
542485437588,0.2030168,-0.079649664,9.783733
542487961338,0.1934349,-0.08983044,9.750795
542490485088,0.1694801,-0.079649664,9.713067
542493008786,0.24134447,-0.13774002,9.694502
542495532536,0.25092638,-0.11857619,9.755587
542498056286,0.18864393,-0.09941236,9.73223
542500579984,0.15989819,-0.14732192,9.708276
542503103734,0.19822586,-0.08983044,9.760377
542505627484,0.1934349,-0.094621405,9.760377
542508151182,0.21738967,-0.14732192,9.73223
542510674932,0.2030168,-0.06527679,9.694502
542513198682,0.17906202,-0.03174009,9.64779
542515722380,0.21738967,-0.11857619,9.737021
542518246130,0.19822586,-0.14732192,9.783733
542520769880,0.1934349,-0.060485832,9.73223
542523293578,0.19822586,-0.041322004,9.750795
542525817328,0.17427106,-0.11857619,9.750795
542528341078,0.16468915,-0.079649664,9.793315
542530864776,0.24134447,-0.11378523,9.778942
542533388526,0.20780776,-0.0748587,9.741214
542535912276,0.18385299,-0.055694874,9.760377
542538435974,0.2030168,-0.09941236,9.736423
542540959724,0.22218063,-0.08923157,9.765168
542543483474,0.2605083,-0.11857619,9.680129
542546007172,0.21738967,-0.06527679,9.689711
542548530922,0.17906202,-0.08444062,9.741214
542551054672,0.18385299,-0.0748587,9.750795
542553578370,0.19822586,-0.11378523,9.741214
542556102120,0.2365535,-0.14732192,9.778942
542558625870,0.15031628,-0.13294905,9.694502
542561149568,0.14552532,-0.11378523,9.694502
542563673318,0.20780776,-0.055694874,9.717857
542566197068,0.20780776,-0.08444062,9.793315
542568720765,0.1694801,-0.10420331,9.778942
542571244515,0.17427106,-0.055694874,9.778942
542573768265,0.2269716,-0.094022535,9.774151
542576291963,0.15989819,-0.09941236,9.783733
542578815713,0.17906202,-0.11378523,9.793315
542581339463,0.18385299,-0.14253098,9.73223
542583863161,0.17906202,-0.108994275,9.755587
542586386911,0.2030168,-0.094022535,9.760377
542588910661,0.17906202,-0.0748587,9.694502
542591434359,0.17906202,-0.055694874,9.704083
542593958109,0.21259873,-0.08923157,9.797507
542596481859,0.20780776,-0.11857619,9.73223
542599005557,0.20780776,-0.13774002,9.736423
542601529307,0.18385299,-0.11378523,9.774151
542604053057,0.19822586,-0.046112962,9.792716
542606576755,0.23176254,-0.094022535,9.73223
542609100505,0.24613541,-0.079649664,9.699292
542611624255,0.2365535,-0.094022535,9.736423
542614147953,0.21738967,-0.08444062,9.741214
542616671703,0.15570611,-0.123367146,9.689711
542619195453,0.21259873,-0.108994275,9.736423
542621719151,0.21738967,-0.08444062,9.703485
542624242901,0.21259873,-0.08923157,9.755587
542626766651,0.2030168,-0.123367146,9.72744
542629290349,0.18385299,-0.079649664,9.708276
542631814099,0.18385299,-0.041322004,9.769361
542634337849,0.18445185,-0.05090392,9.807089
542636861547,0.17966089,-0.07006775,9.755587
542639385297,0.14133324,-0.094022535,9.750795
542641909047,0.2030168,-0.11857619,9.764569
542644432745,0.21738967,-0.094022535,9.755587
542646956495,0.17966089,-0.05090392,9.746004
542649480245,0.20840663,-0.094022535,9.736423
542652003943,0.21798855,-0.094022535,9.713067
542654527693,0.17486994,-0.08444062,9.713067
542657051443,0.16528802,-0.123367146,9.783733
542659575140,0.17966089,-0.16648576,9.797507
542662098890,0.17966089,-0.07006775,9.741214
542664622640,0.18445185,-0.07006775,9.736423
542667146338,0.2227795,-0.108395405,9.840027
542669670036,0.23715238,-0.11378523,9.755587
542672193734,0.21798855,-0.05090392,9.746004
542674717432,0.27967212,-0.0748587,9.708276
542677241130,0.24673429,-0.094022535,9.736423
542679764828,0.18445185,-0.06527679,9.717857
542682288526,0.20840663,-0.046112962,9.684919
542684812224,0.20361568,-0.079649664,9.741214
542687335974,0.17007898,-0.14253098,9.746004
542689859672,0.23236142,-0.11318636,9.774151
542692383370,0.21798855,-0.094022535,9.746004
542694907068,0.20361568,-0.10360444,9.708276
542697430765,0.2227795,-0.123367146,9.750795
542699954463,0.21319759,-0.0748587,9.750795
542702478161,0.23236142,-0.08923157,9.722649
542705001859,0.16528802,-0.108395405,9.774151
542707525557,0.21319759,-0.08923157,9.736423
542710049255,0.19882472,-0.09881349,9.741214
542712572953,0.21319759,-0.10360444,9.72744
542715096703,0.2563162,-0.060485832,9.703485
542717620401,0.21319759,-0.094022535,9.764569
542720144099,0.18445185,-0.10360444,9.81188
542722667797,0.18924281,-0.0748587,9.722649
542725191495,0.23236142,-0.046112962,9.759778
542727715193,0.21319759,-0.08923157,9.713067
542730238890,0.21798855,-0.06527679,9.783733
542732762588,0.21798855,-0.11797732,9.844818
542735286286,0.20361568,-0.10360444,9.736423
542737809984,0.18445185,-0.046112962,9.783733
542740333682,0.14612418,-0.11797732,9.722649
542742857432,0.20840663,-0.14732192,9.713067
542745381130,0.19403376,-0.09881349,9.759778
542747904828,0.18924281,-0.10360444,9.807089
542750428526,0.21319759,-0.11318636,9.717857
542752952224,0.2227795,-0.11318636,9.694502
542755475922,0.16528802,-0.060485832,9.689711
542757999620,0.17486994,-0.0748587,9.769361
542760523318,0.16049707,-0.08444062,9.792716
542763047015,0.24194333,-0.13294905,9.764569
542765570713,0.19882472,-0.060485832,9.764569
542768094411,0.20840663,-0.11318636,9.746004
542770618161,0.20361568,-0.060485832,9.736423
542773141859,0.14612418,-0.041322004,9.759778
542775665557,0.18445185,-0.12755923,9.81188
542778189255,0.21319759,-0.10360444,9.750795
542780712953,0.19403376,-0.079649664,9.797507
542783236651,0.15570611,-0.041322004,9.797507
542785760349,0.19882472,-0.041322004,9.741214
542788284047,0.23236142,-0.079649664,9.746004
542790807745,0.21798855,-0.08444062,9.764569
542793331443,0.17966089,-0.094022535,9.741214
542795855140,0.20361568,-0.055694874,9.731631
542798378890,0.22757046,-0.094022535,9.746004
542800902588,0.27548003,-0.13774002,9.722649
542803426286,0.20361568,-0.108395405,9.759778
542805949984,0.17486994,-0.14253098,9.778942
542808473682,0.21798855,-0.122768275,9.764569
542810997380,0.25152525,-0.108395405,9.797507
542813521078,0.19403376,-0.094022535,9.774151
542816044776,0.21798855,-0.08923157,9.764569
542818568474,0.19403376,-0.13774002,9.746004
542821092172,0.20361568,-0.09881349,9.807089
542823615870,0.18445185,-0.079649664,9.713067
542826139620,0.17486994,-0.060485832,9.787926
542828663318,0.19882472,-0.09881349,9.713067
542831187015,0.24194333,-0.08923157,9.708276
542833710713,0.18445185,-0.11318636,9.717857
542836234411,0.19882472,-0.094022535,9.769361
542838758109,0.18445185,-0.108395405,9.726841
542841281807,0.19403376,-0.08444062,9.717857
542843805505,0.18924281,-0.13714115,9.741214
542846329203,0.2227795,-0.108395405,9.769361
542848852901,0.21798855,-0.079649664,9.750795
542851376599,0.19403376,-0.14732192,9.717857
542853900349,0.19882472,-0.122768275,9.774151
542856424047,0.20361568,-0.060485832,9.726841
542858947745,0.21319759,-0.10360444,9.741214
542861471443,0.19403376,-0.06527679,9.764569
542863995140,0.18445185,-0.079649664,9.764569
542866518838,0.22757046,-0.11797732,9.774151
542869042536,0.18924281,-0.108395405,9.792716
542871566234,0.18445185,-0.122768275,9.750795
542874089932,0.14133324,-0.09881349,9.787926
542876613630,0.17486994,-0.108395405,9.774151
542879137328,0.21798855,-0.12755923,9.684919
542881661078,0.21798855,-0.11318636,9.717857
542884184776,0.18924281,-0.060485832,9.713067
542886708474,0.19403376,-0.08923157,9.670547
542889232172,0.16049707,-0.08923157,9.736423
542891755870,0.2227795,-0.11318636,9.754988
542894279568,0.18924281,-0.11318636,9.741214
542896803265,0.15091515,-0.05090392,9.741214
542899326963,0.20361568,-0.079649664,9.741214
542901850661,0.20840663,-0.094022535,9.764569
542904374359,0.21319759,-0.08444062,9.708276
542906898109,0.21798855,-0.094022535,9.726841
542909421807,0.16528802,-0.03174009,9.731631
542911945505,0.20361568,-0.10360444,9.764569
542914469203,0.18924281,-0.122768275,9.736423
542916992901,0.19403376,-0.055694874,9.726841
542919516599,0.21798855,-0.08444062,9.820863
542922040297,0.21798855,-0.060485832,9.759778
542924563995,0.20361568,-0.09881349,9.726841
542927087693,0.21319759,-0.13235019,9.698693
542929611390,0.18924281,-0.108395405,9.708276
542932135088,0.18924281,-0.09881349,9.759778
542934658838,0.21798855,-0.06527679,9.764569
542937182536,0.23715238,-0.09881349,9.698693
542939706234,0.18445185,-0.122768275,9.746004
542942229932,0.14133324,-0.11797732,9.769361
542944753630,0.20361568,-0.11797732,9.759778
542947277328,0.15091515,-0.122768275,9.726841
542949801026,0.19403376,-0.108395405,9.72205
542952324724,0.19403376,-0.0748587,9.708276
542954848422,0.17966089,-0.0748587,9.698693
542957372120,0.20361568,-0.11318636,9.750196
542959895818,0.21798855,-0.094022535,9.764569
542962419568,0.15091515,-0.0748587,9.769361
542964943265,0.20361568,-0.08923157,9.741214
542967466963,0.19403376,-0.079649664,9.731631
542969990661,0.15091515,-0.07006775,9.797507
542972514359,0.17966089,-0.09881349,9.759778
542975038057,0.18924281,-0.108395405,9.731631
542977561755,0.19403376,-0.13235019,9.759778
542980085453,0.20361568,-0.10360444,9.792716
542982609151,0.20361568,-0.11797732,9.703485
542985132849,0.20840663,-0.122768275,9.731631
542987656547,0.21319759,-0.079649664,9.741214
542990180297,0.2227795,-0.0748587,9.72205
542992703995,0.23236142,-0.055694874,9.754988
542995227693,0.19882472,-0.16109593,9.759778
542997751390,0.22757046,-0.13714115,9.736423
543000275088,0.1754688,-0.094022535,9.736423
543002798786,0.17067784,-0.09881349,9.745405
543005322484,0.2227795,-0.08923157,9.778343
543007846182,0.22757046,-0.10360444,9.750196
543010369880,0.1754688,-0.11318636,9.726841
543012893578,0.19942358,-0.079649664,9.750196
543015417276,0.19942358,-0.094022535,9.787926
543017941026,0.21798855,-0.07006775,9.708276
543020464724,0.19463263,-0.041322004,9.754988
543022988422,0.19942358,-0.079649664,9.769361
543025512120,0.2090055,-0.09881349,9.717258
543028035818,0.20421454,-0.13714115,9.698693
543030559515,0.19463263,-0.094022535,9.745405
543033083213,0.22337838,-0.09881349,9.72205
543035606911,0.21379647,-0.11318636,9.731631
543038130609,0.18984167,-0.08923157,9.802299
543040654307,0.19463263,-0.060485832,9.802299
543043178005,0.15630497,-0.041322004,9.741214
543045701755,0.24733315,-0.060485832,9.769361
543048225453,0.25212413,-0.13235019,9.736423
543050749151,0.23296028,-0.07006775,9.717258
543053272849,0.1754688,-0.079649664,9.754988
543055796547,0.17067784,-0.055694874,9.759778
543058320245,0.21379647,-0.08444062,9.736423
543060843943,0.22816934,-0.046112962,9.689112
543063367640,0.22816934,-0.060485832,9.731631
543065891338,0.1658869,-0.10360444,9.693903
543068415036,0.17067784,-0.08444062,9.750196
543070938734,0.18984167,-0.05090392,9.764569
543073462484,0.18505071,-0.09881349,9.797507
543075986182,0.15151402,-0.1419321,9.764569
543078509880,0.2090055,-0.079649664,9.736423
543081033578,0.1658869,-0.079649664,9.754988
543083557276,0.18505071,-0.09881349,9.72205
543086080974,0.18025976,-0.0748587,9.797507
543088604672,0.23296028,-0.11318636,9.787926
543091128370,0.19942358,-0.10360444,9.759778
543093652068,0.18505071,-0.08923157,9.754988
543096175765,0.18984167,-0.0748587,9.754988
543098699463,0.18505071,-0.08444062,9.787926
543101223213,0.17067784,-0.05090392,9.759778
543103746911,0.17067784,-0.108395405,9.754988
543106270609,0.18025976,-0.08444062,9.783134
543108794307,0.18984167,-0.079649664,9.764569
543111318005,0.21379647,-0.09881349,9.8017
543113841703,0.20421454,-0.10360444,9.759778
543116365401,0.22337838,-0.11797732,9.736423
543118889099,0.2090055,-0.122768275,9.740615
543121412797,0.16109593,-0.094022535,9.750196
543123936495,0.17067784,-0.079649664,9.754988
543126460193,0.23296028,-0.108395405,9.745405
543128983943,0.23775125,-0.11318636,9.783134
543131507640,0.19463263,-0.060485832,9.768762
543134031338,0.20421454,-0.06527679,9.768762
543136555036,0.23296028,-0.0748587,9.8017
543139078734,0.23296028,-0.108395405,9.783134
543141602432,0.21858741,-0.094022535,9.745405
543144126130,0.1754688,-0.122768275,9.698693
543146649828,0.22337838,-0.08923157,9.797507
543149173526,0.22337838,-0.0748587,9.773553
543151697224,0.19942358,-0.108395405,9.754988
543154220922,0.18025976,-0.09881349,9.726841
543156744672,0.20421454,-0.11318636,9.72205
543159268370,0.2090055,-0.11318636,9.768762
543161792068,0.1658869,-0.079649664,9.773553
543164315765,0.19463263,-0.0748587,9.736423
543166839515,0.18984167,-0.13235019,9.745405
543169363370,0.2425422,-0.11318636,9.731631
543171887276,0.21379647,-0.05090392,9.698693
543174411130,0.19463263,-0.11318636,9.656174
543176934984,0.21858741,-0.09881349,9.731631
543179458838,0.19463263,-0.08923157,9.750196
543181982693,0.21858741,-0.11797732,9.726841
543184506547,0.2090055,-0.06527679,9.731631
543187030401,0.19463263,-0.09881349,9.736423
543189554255,0.24733315,-0.13235019,9.726841
543192078109,0.20421454,-0.08923157,9.712468
543194602015,0.21379647,-0.055694874,9.698693
543197125870,0.18984167,-0.108395405,9.754988
543199649724,0.21858741,-0.10360444,9.736423
543202173578,0.21379647,-0.060485832,9.707677
543204697432,0.19942358,-0.0748587,9.689112
543207221286,0.14672306,-0.11318636,9.745405
543209745140,0.18025976,-0.108395405,9.693903
543212268995,0.19942358,-0.094022535,9.783134
543214792901,0.21379647,-0.13235019,9.773553
543217316755,0.22337838,-0.08444062,9.796908
543219840609,0.21858741,-0.079649664,9.731631
543222364463,0.19942358,-0.08444062,9.764569
543224888318,0.18505071,-0.07006775,9.764569
543227412172,0.18505071,-0.094022535,9.726841
543229936026,0.19942358,-0.079649664,9.787926
543232459880,0.22816934,-0.122768275,9.844219
543234983734,0.25212413,-0.079649664,9.76397
543237507640,0.23775125,-0.0748587,9.750196
543240031495,0.18984167,-0.07006775,9.717258
543242555349,0.18505071,-0.108395405,9.783134
543245079203,0.25212413,-0.08444062,9.750196
543247603057,0.18505071,-0.05030505,9.731631
543250126911,0.2090055,-0.05030505,9.76397
543252650765,0.19463263,-0.122768275,9.76397
543255174620,0.18505071,-0.09881349,9.717258
543257698526,0.19942358,-0.08923157,9.8017
543260222380,0.1754688,-0.060485832,9.740615
543262746234,0.2090055,-0.04551409,9.703485
543265270088,0.21379647,-0.0748587,9.67953
543267793943,0.20421454,-0.08923157,9.68432
543270317797,0.18984167,-0.10360444,9.703485
543272841651,0.19463263,-0.0748587,9.773553
543275365505,0.20421454,-0.079649664,9.731631
543277889359,0.22816934,-0.10360444,9.76397
543280413265,0.20421454,-0.12755923,9.712468
543282937120,0.21858741,-0.079649664,9.698693
543285460974,0.22816934,-0.13235019,9.693903
543287984828,0.2090055,-0.122768275,9.712468
543290508682,0.18505071,-0.08444062,9.68432
543293032536,0.1754688,-0.09881349,9.792117
543295556390,0.18025976,-0.12755923,9.754988
543298080245,0.19463263,-0.12755923,9.76397
543300604151,0.21379647,-0.10360444,9.768762
543303128005,0.21379647,-0.08923157,9.693903
543305651859,0.17966089,-0.07006775,9.699292
543308175713,0.17007898,-0.07006775,9.722649
543310699568,0.20361568,-0.123367146,9.750795
543313223422,0.20840663,-0.108395405,9.769361
543315747276,0.18924281,-0.079649664,9.72744
543318271130,0.18924281,-0.09881349,9.689711
543320794984,0.17007898,-0.060485832,9.736423
543323318890,0.18924281,-0.09881349,9.778942
543325842745,0.17007898,-0.08923157,9.783733
543328366599,0.19882472,-0.079649664,9.755587
543330890453,0.21319759,-0.09881349,9.746004
543333414307,0.18445185,-0.11318636,9.741214
543335938161,0.20361568,-0.09881349,9.736423
543338462015,0.21798855,-0.11857619,9.703485
543340985870,0.24194333,-0.10360444,9.72744
543343509776,0.2227795,-0.108395405,9.769361
543346033630,0.20840663,-0.15690385,9.769361
543348557484,0.21798855,-0.123367146,9.703485
543351081338,0.21798855,-0.14253098,9.741214
543353605193,0.2227795,-0.123367146,9.746004
543356129047,0.21319759,-0.123367146,9.722649
543358652901,0.18924281,-0.14732192,9.774151
543361176755,0.20840663,-0.10360444,9.722649
543363700661,0.19403376,-0.08923157,9.713067
543366224515,0.24673429,-0.10360444,9.759778
543368748370,0.18445185,-0.08923157,9.750795
543371272224,0.19403376,-0.060485832,9.769361
543373796078,0.21798855,-0.11318636,9.764569
543376319932,0.19403376,-0.08444062,9.825654
543378843786,0.22757046,-0.05090392,9.759778
543381367640,0.18924281,-0.07006775,9.746004
543383891495,0.16528802,-0.08444062,9.764569
543386415401,0.19403376,-0.060485832,9.713067
543388939255,0.19403376,-0.08444062,9.755587
543391463109,0.17486994,-0.0748587,9.755587
543393986963,0.19882472,-0.108395405,9.741214
543396510818,0.23236142,-0.079649664,9.694502
543399034672,0.21319759,-0.11318636,9.717857
543401558526,0.17486994,-0.08444062,9.81188
543404082380,0.20840663,-0.08923157,9.755587
543406606286,0.22757046,-0.108395405,9.741214
543409130140,0.17966089,-0.11318636,9.802299
543411653995,0.17007898,-0.10360444,9.750795
543414177849,0.21319759,-0.11797732,9.764569
543416701703,0.21319759,-0.0748587,9.755587
543419225557,0.16049707,-0.10360444,9.746004
543421749411,0.20361568,-0.10360444,9.764569
543424273265,0.22757046,-0.10360444,9.741214
543426797120,0.20840663,-0.05090392,9.703485
543429321026,0.20361568,-0.06527679,9.717857
543431844880,0.20840663,-0.17127672,9.741214
543434368734,0.17007898,-0.1616948,9.741214
543436892588,0.18924281,-0.03174009,9.778942
543439416443,0.23715238,-0.08923157,9.759778
543441940297,0.22757046,-0.11797732,9.726841
543444464151,0.17486994,-0.11318636,9.717857
543446988005,0.19882472,-0.08444062,9.755587
543449511911,0.2227795,-0.11797732,9.783733
543452035765,0.21319759,-0.036531046,9.755587
543454559620,0.19882472,-0.11797732,9.736423
543457083474,0.19403376,-0.11797732,9.703485
543459607328,0.17966089,-0.094022535,9.774151
543462131182,0.19403376,-0.09881349,9.783733
543464655036,0.17486994,-0.14253098,9.731631
543467178890,0.22757046,-0.14732192,9.726841
543469702745,0.19882472,-0.13294905,9.736423
543472226651,0.16049707,-0.09881349,9.703485
543474750505,0.20840663,-0.07006775,9.736423
543477274359,0.19882472,-0.060485832,9.764569
543479798213,0.18924281,-0.055694874,9.746004
543482322068,0.17966089,-0.08923157,9.726841
543484845922,0.17966089,-0.09881349,9.792716
543487369776,0.20840663,-0.11797732,9.722649
543489893630,0.19403376,-0.1281581,9.736423
543492417536,0.2563162,-0.108395405,9.769361
543494941390,0.23715238,-0.08923157,9.689711
543497465245,0.20361568,-0.0748587,9.736423
543499989099,0.19403376,-0.13774002,9.81188
543502512953,0.20840663,-0.122768275,9.731631
543505036807,0.19882472,-0.14253098,9.698693
543507560661,0.20840663,-0.108395405,9.750795
543510084515,0.20840663,-0.08923157,9.746004
543512608370,0.21319759,-0.07006775,9.769361
543515132276,0.25152525,-0.06527679,9.778942
543517656130,0.20840663,-0.12755923,9.722649
543520179984,0.19882472,-0.11797732,9.778942
543522703838,0.17486994,-0.06527679,9.736423
543525227693,0.23715238,-0.08444062,9.750795
543527751547,0.18445185,-0.13294905,9.764569
543530275401,0.19403376,-0.06527679,9.754988
543532799255,0.18924281,-0.08923157,9.769361
543535323161,0.18445185,-0.08444062,9.736423
543537847015,0.21319759,-0.060485832,9.713067
543540370870,0.20361568,-0.06527679,9.713067
543542894724,0.21798855,-0.0748587,9.726841
543545418578,0.21798855,-0.060485832,9.750795
543547942432,0.18924281,-0.09881349,9.731631
543550466286,0.18924281,-0.07006775,9.774151
543552990140,0.16528802,-0.13294905,9.754988
543555513995,0.15570611,-0.17606768,9.783733
543558037901,0.19882472,-0.122768275,9.778942
543560561755,0.17966089,-0.094022535,9.769361
543563085609,0.20361568,-0.1616948,9.797507
543565609463,0.23236142,-0.09881349,9.750795
543568133318,0.18924281,-0.07006775,9.764569
543570657172,0.20361568,-0.122768275,9.746004
543573181026,0.21319759,-0.13294905,9.703485
543575704880,0.20361568,-0.14253098,9.726841
543578228786,0.20840663,-0.0748587,9.778942
543580752640,0.14612418,-0.10360444,9.746004
543583276495,0.20361568,-0.0748587,9.746004
543585800349,0.21319759,-0.0748587,9.759778
543588324203,0.19403376,-0.06527679,9.731631
543590848057,0.21798855,-0.026949134,9.708276
543593371911,0.24194333,-0.108395405,9.778942
543595895765,0.19882472,-0.122768275,9.754988
543598419620,0.17966089,-0.15211289,9.694502
543600943526,0.17007898,-0.14732192,9.769361
543603467380,0.21798855,-0.1952315,9.764569
543605991234,0.20840663,-0.0748587,9.764569
543608515088,0.2227795,-0.08923157,9.774151
543611038943,0.21319759,-0.094022535,9.694502
543613562797,0.21798855,-0.094022535,9.746004
543616086651,0.15570611,-0.08923157,9.783134
543618610505,0.17486994,-0.08444062,9.754988
543621134411,0.17486994,-0.060485832,9.731631
543623658265,0.17007898,-0.094022535,9.769361
543626182120,0.19403376,-0.060485832,9.717857
543628705974,0.23236142,-0.07006775,9.703485
543631229828,0.21319759,-0.10360444,9.698693
543633753682,0.18924281,-0.08444062,9.713067
543636277536,0.18445185,-0.11318636,9.726841
543638801390,0.17966089,-0.12755923,9.754988
543641325245,0.16528802,-0.079649664,9.703485
543643849151,0.20840663,-0.07006775,9.726841
543646373005,0.20840663,-0.046112962,9.736423
543648896859,0.17966089,-0.08923157,9.746004
543651420713,0.20361568,-0.08444062,9.726841
543653944568,0.24673429,-0.122768275,9.741214
543656468422,0.2227795,-0.122768275,9.754988
543658992276,0.18445185,-0.08923157,9.684919
543661516130,0.14133324,-0.08923157,9.731631
543664040036,0.18445185,-0.12755923,9.825654
543666563838,0.18445185,-0.08444062,9.746004
543669087640,0.19403376,-0.060485832,9.722649
543671611443,0.18445185,-0.10360444,9.713067
543674135245,0.20840663,-0.079649664,9.754988
543676659047,0.19882472,-0.108395405,9.736423
543679182849,0.16049707,-0.08444062,9.713067
543681706651,0.16528802,-0.07006775,9.746004
543684230453,0.24673429,-0.08923157,9.750795
543686754255,0.20840663,-0.09881349,9.722649
543689278057,0.18445185,-0.06527679,9.774151
543691801911,0.21319759,-0.0748587,9.754988
543694325713,0.20361568,-0.055694874,9.830445
543696849515,0.24673429,-0.08923157,9.764569
543699373318,0.23715238,-0.108395405,9.713067
543701897120,0.18924281,-0.13235019,9.769361
543704420922,0.20840663,-0.07006775,9.736423
543706944724,0.18924281,-0.05090392,9.736423
543709468526,0.21319759,-0.08444062,9.684919
543711992328,0.20840663,-0.15211289,9.769361
543714516130,0.20361568,-0.16648576,9.764569
543717039932,0.20361568,-0.10360444,9.774151
543719563734,0.19403376,-0.122768275,9.764569
543722087536,0.18924281,-0.108395405,9.736423
543724611338,0.21319759,-0.079649664,9.651982
543727135140,0.20840663,-0.08444062,9.726841
543729658995,0.17966089,-0.060485832,9.750795
543732182797,0.19882472,-0.094022535,9.708276
543734706599,0.2227795,-0.108395405,9.693903
543737230401,0.20840663,-0.108395405,9.778942
543739754203,0.18445185,-0.09881349,9.750795
543742278005,0.20840663,-0.09881349,9.746004
543744801807,0.23236142,-0.10360444,9.792716
543747325609,0.21798855,-0.060485832,9.764569
543749849411,0.20840663,-0.036531046,9.717857
543752373213,0.17486994,-0.060485832,9.684919
543754897015,0.19403376,-0.09881349,9.731631
543757420818,0.16528802,-0.11318636,9.717857
543759944620,0.16049707,-0.122768275,9.717857
543762468422,0.21798855,-0.060485832,9.797507
543764992224,0.23715238,-0.108395405,9.787926
543767516078,0.17966089,-0.10360444,9.680129
543770039880,0.19403376,-0.08923157,9.693903
543772563682,0.21319759,-0.13714115,9.713067
543775087484,0.18445185,-0.060485832,9.731631
543777611286,0.18924281,-0.08444062,9.741214
543780135088,0.22757046,-0.15211289,9.741214
543782658890,0.20840663,-0.09881349,9.703485
543785182693,0.16049707,-0.09881349,9.746004
543787706495,0.17486994,-0.122768275,9.769361
543790230297,0.22757046,-0.041322004,9.708276
543792754099,0.19882472,-0.026949134,9.736423
543795277901,0.17966089,-0.11797732,9.764569
543797801703,0.20361568,-0.11797732,9.774151
543800325505,0.20361568,-0.06527679,9.717857
543802849307,0.21319759,-0.10360444,9.717857
543805373161,0.19403376,-0.122768275,9.731631
543807896963,0.20840663,-0.079649664,9.708276
543810420765,0.19403376,-0.08923157,9.759778
543812944568,0.2227795,-0.06527679,9.783134
543815468370,0.21319759,-0.060485832,9.717857
543817992172,0.17966089,-0.079649664,9.731631
543820515974,0.20361568,-0.10360444,9.792716
543823039776,0.17486994,-0.079649664,9.802299
543825563578,0.17007898,-0.08923157,9.72205
543828087380,0.18924281,-0.094022535,9.726841
543830611182,0.19882472,-0.13235019,9.717857
543833134984,0.19882472,-0.10360444,9.759778
543835658786,0.23236142,-0.060485832,9.731631
543838182588,0.18445185,-0.11318636,9.783134
543840706443,0.19882472,-0.108395405,9.787926
543843230245,0.22757046,-0.108395405,9.693903
543845754047,0.2227795,-0.11318636,9.680129
543848277849,0.18924281,-0.108395405,9.741214
543850801651,0.17966089,-0.122768275,9.741214
543853325453,0.17966089,-0.108395405,9.746004
543855849255,0.20361568,-0.094022535,9.759778
543858373057,0.16528802,-0.108395405,9.754988
543860896859,0.21319759,-0.11318636,9.783134
543863420661,0.18445185,-0.13714115,9.802299
543865944463,0.17007898,-0.09881349,9.778942
543868468265,0.2227795,-0.11318636,9.72205
543870992068,0.20361568,-0.108395405,9.797507
543873515870,0.22757046,-0.08444062,9.783134
543876039672,0.24194333,-0.07006775,9.717857
543878563526,0.23236142,-0.12755923,9.750196
543881087328,0.18445185,-0.08923157,9.774151
543883611130,0.21798855,-0.08923157,9.72205
543886134932,0.20361568,-0.094022535,9.764569
543888658734,0.20840663,-0.094022535,9.741214
543891182536,0.18445185,-0.11318636,9.787926
543893706338,0.20361568,-0.13714115,9.746004
543896230140,0.18445185,-0.13714115,9.797507
543898753943,0.18924281,-0.122768275,9.726841
543901277745,0.20840663,-0.06527679,9.731631
543903801547,0.17966089,-0.09881349,9.726841
543906325349,0.19882472,-0.11797732,9.797507
543908849151,0.20840663,-0.1419321,9.816072
543911372953,0.2227795,-0.09881349,9.693903
543913896755,0.20361568,-0.13714115,9.778343
543916420609,0.19882472,-0.0748587,9.797507
543918944411,0.21319759,-0.08444062,9.802299
543921468213,0.17966089,-0.08923157,9.746004
543923992015,0.18445185,-0.079649664,9.741214
543926515818,0.17966089,-0.108395405,9.787926
543929039620,0.25152525,-0.079649664,9.750196
543931563422,0.17486994,-0.0748587,9.741214
543934087224,0.15091515,-0.060485832,9.731631
543936611026,0.17486994,-0.0748587,9.754988
543939134828,0.17966089,-0.13714115,9.726841
543941658630,0.21319759,-0.13235019,9.746004
543944182432,0.19882472,-0.12755923,9.778343
543946706234,0.21319759,-0.09881349,9.754988
543949230036,0.17966089,-0.079649664,9.741214
543951753838,0.18445185,-0.060485832,9.746004
543954277693,0.17486994,-0.11797732,9.783134
543956801495,0.18924281,-0.0748587,9.736423
543959325297,0.21798855,-0.0748587,9.759778
543961849099,0.19403376,-0.079649664,9.684919
543964372901,0.17486994,-0.079649664,9.713067
543966896703,0.15570611,-0.041322004,9.698693
543969420505,0.20840663,-0.108395405,9.774151
543971944307,0.22757046,-0.12755923,9.769361
543974468109,0.21798855,-0.08444062,9.726841
543976991911,0.20361568,-0.08444062,9.736423
543979515713,0.2227795,-0.08444062,9.736423
543982039515,0.16049707,-0.10360444,9.713067
543984563318,0.19403376,-0.10360444,9.750196
543987087120,0.19403376,-0.108395405,9.754988
543989610922,0.19882472,-0.05090392,9.769361
543992134776,0.16049707,-0.10360444,9.759778
543994658578,0.17966089,-0.11318636,9.774151
543997182380,0.24194333,-0.08444062,9.774151
543999706182,0.20361568,-0.07006775,9.769361
544002229984,0.18924281,-0.08923157,9.741214
544004753786,0.19882472,-0.08923157,9.726841
544007277588,0.19403376,-0.13235019,9.708276
544009801390,0.19882472,-0.07006775,9.72205
544012325193,0.18924281,-0.0748587,9.774151
544014848995,0.18445185,-0.079649664,9.816072
544017372797,0.2227795,-0.108395405,9.792716
544019896599,0.18924281,-0.06527679,9.698693
544022420401,0.23715238,-0.08923157,9.693903
544024944203,0.20840663,-0.108395405,9.736423
544027468005,0.20840663,-0.13235019,9.741214
544029991859,0.2227795,-0.11318636,9.802299
544032515661,0.16528802,-0.0748587,9.80649
544035039463,0.17486994,-0.09881349,9.726841
544037563265,0.20840663,-0.06527679,9.72205
544040087068,0.21319759,-0.07006775,9.764569
544042610870,0.19882472,-0.0748587,9.713067
544045134672,0.19403376,-0.079649664,9.750196
544047658474,0.21319759,-0.10360444,9.736423
544050182276,0.17966089,-0.08923157,9.754988
544052706078,0.20840663,-0.122768275,9.754988
544055229880,0.20840663,-0.108395405,9.774151
544057753682,0.19403376,-0.08923157,9.754988
544060277484,0.19882472,-0.11318636,9.811281
544062801286,0.18445185,-0.0748587,9.759778
544065325088,0.22757046,-0.0748587,9.746004
544067848943,0.21319759,-0.0748587,9.72205
544070372745,0.22757046,-0.10360444,9.750196
544072896547,0.19882472,-0.122768275,9.689112
544075420349,0.18924281,-0.13714115,9.745405
544077944151,0.17007898,-0.108395405,9.754988
544080467953,0.2227795,-0.08444062,9.750196
544082991755,0.22757046,-0.13235019,9.745405
544085515557,0.21319759,-0.094022535,9.741214
544088039359,0.17966089,-0.094022535,9.72205
544090563161,0.23236142,-0.0748587,9.703485
544093086963,0.18445185,-0.08444062,9.745405
544095610765,0.17067784,-0.108395405,9.717258
544098134568,0.2227795,-0.060485832,9.792716
544100658370,0.19882472,-0.08444062,9.774151
544103182172,0.15630497,-0.0748587,9.665756
544105706026,0.21798855,-0.06527679,9.680129
544108229828,0.22757046,-0.122768275,9.769361
544110753630,0.17067784,-0.09881349,9.774151
544113277432,0.19403376,-0.060485832,9.736423
544115801234,0.21319759,-0.0748587,9.759778
544118325036,0.18025976,-0.10360444,9.769361
544120848838,0.1754688,-0.15630497,9.816072
544123372640,0.24194333,-0.11797732,9.774151
544125896443,0.21798855,-0.09881349,9.769361
544128420245,0.18984167,-0.11318636,9.731631
544130944047,0.18025976,-0.10360444,9.713067
544133467849,0.20840663,-0.094022535,9.783134
544135991651,0.20361568,-0.15630497,9.684919
544138515453,0.24673429,-0.06527679,9.689112
544141039255,0.19942358,-0.12755923,9.764569
544143563109,0.21319759,-0.11797732,9.731631
544146086911,0.24673429,-0.1419321,9.745405
544148610713,0.22757046,-0.07006775,9.717258
544151134515,0.19942358,-0.1419321,9.731631
544153658318,0.19942358,-0.07006775,9.717258
544156182120,0.21319759,-0.1419321,9.764569
544158705922,0.23236142,-0.09881349,9.764569
544161229724,0.18984167,-0.08923157,9.745405
544163753526,0.19463263,-0.13235019,9.72205
544166277276,0.2090055,-0.09881349,9.750196
544168801026,0.19942358,-0.08444062,9.736423
544171324776,0.19942358,-0.11318636,9.769361
544173848526,0.21379647,-0.10360444,9.773553
544176372276,0.17067784,-0.08444062,9.773553
544178896026,0.17067784,-0.026949134,9.750196
544181419776,0.16109593,-0.046112962,9.726841
544183943526,0.17067784,-0.122768275,9.783134
544186467276,0.19942358,-0.12755923,9.741214
544188991026,0.19463263,-0.1419321,9.787926
544191514776,0.18505071,-0.09881349,9.778343
544194038526,0.22337838,-0.11797732,9.703485
544196562276,0.22337838,-0.09881349,9.717258
544199086026,0.19463263,-0.11797732,9.778343
544201609776,0.18505071,-0.14672306,9.783134
544204133526,0.21858741,-0.16109593,9.741214
544206657276,0.18025976,-0.06527679,9.773553
544209181026,0.21858741,-0.108395405,9.726841
544211704776,0.2090055,-0.13714115,9.778343
544214228526,0.23296028,-0.12755923,9.778343
544216752276,0.21858741,-0.094022535,9.745405
544219276026,0.21379647,-0.05090392,9.741214
544221799776,0.2090055,-0.094022535,9.764569
544224323526,0.22337838,-0.13235019,9.731631
544226847276,0.21379647,-0.13235019,9.717258
544229371026,0.2090055,-0.11797732,9.80649
544231894776,0.2425422,-0.13714115,9.816072
544234418526,0.16109593,-0.036531046,9.811281
544236942276,0.21379647,-0.08923157,9.783134
544239466026,0.22337838,-0.079649664,9.703485
544241989776,0.21858741,-0.09881349,9.778343
544244513526,0.19942358,-0.10360444,9.708276
544247037276,0.18984167,-0.122768275,9.72205
544249561026,0.19942358,-0.15630497,9.787926
544252084776,0.22816934,-0.094022535,9.750196
544254608526,0.18505071,-0.10360444,9.764569
544257132276,0.19942358,-0.1658869,9.778343
544259656026,0.17067784,-0.05090392,9.726841
544262179776,0.21379647,-0.10360444,9.750196
544264703526,0.1658869,-0.11797732,9.764569
544267227276,0.18984167,-0.08923157,9.726841
544269751026,0.18025976,-0.05090392,9.698693
544272274776,0.1754688,-0.079649664,9.726841
544274798526,0.20421454,-0.079649664,9.783134
544277322276,0.22337838,-0.036531046,9.736423
544279846026,0.1658869,-0.12755923,9.773553
544282369776,0.18505071,-0.10360444,9.741214
544284893526,0.19942358,-0.079649664,9.726841
544287417276,0.19463263,-0.07006775,9.750196
544289941026,0.1658869,-0.13714115,9.759778
544292464776,0.19942358,-0.08923157,9.693903
544294988526,0.23775125,-0.122768275,9.717258
544297512276,0.25691506,-0.08923157,9.773553
544300036026,0.19942358,-0.08444062,9.731631
544302559776,0.23775125,-0.08923157,9.675338
544305083526,0.19403376,-0.13235019,9.693903
544307607276,0.20840663,-0.094022535,9.764569
544310131026,0.20361568,-0.108395405,9.80649
544312654776,0.17007898,-0.11318636,9.746004
544315178526,0.17966089,-0.122768275,9.759778
544317702276,0.20840663,-0.08444062,9.713067
544320226026,0.20361568,-0.11318636,9.750196
544322749776,0.2227795,-0.108395405,9.759778
544325273526,0.17007898,-0.08923157,9.754988
544327797276,0.20840663,-0.060485832,9.759778
544330321026,0.17966089,-0.12755923,9.764569
544332844776,0.19403376,-0.12755923,9.774151
544335368526,0.22757046,-0.041322004,9.750196
544337892276,0.15570611,-0.122768275,9.764569
544340416026,0.21798855,-0.122768275,9.792716
544342939776,0.19403376,-0.12755923,9.774151
544345463526,0.18924281,-0.07006775,9.741214
544347987276,0.21319759,-0.07006775,9.708276
544350511026,0.19403376,-0.08923157,9.708276
544353034776,0.17007898,-0.11318636,9.693903
544355558526,0.17966089,-0.108395405,9.746004
544358082276,0.20361568,-0.09881349,9.717258
544360606026,0.18924281,-0.046112962,9.769361
544363129776,0.16049707,-0.07006775,9.750196
544365653526,0.17966089,-0.08444062,9.750196
544368177276,0.18445185,-0.11797732,9.746004
544370701026,0.17486994,-0.05090392,9.754988
544373224776,0.17966089,-0.15630497,9.726841
544375748526,0.22757046,-0.10360444,9.703485
544378272276,0.18445185,-0.094022535,9.698693
544380796026,0.18445185,-0.060485832,9.746004
544383319776,0.21798855,-0.036531046,9.731631
544385843526,0.19882472,-0.11318636,9.746004
544388367276,0.19882472,-0.122768275,9.750196
544390891026,0.22757046,-0.094022535,9.750196
544393414776,0.20361568,-0.041322004,9.713067
544395938526,0.16049707,-0.11318636,9.731631
544398462276,0.17966089,-0.108395405,9.736423
544400986026,0.20840663,-0.11797732,9.774151
544403509776,0.18924281,-0.079649664,9.754988
544406033526,0.19403376,-0.08444062,9.759778
544408557276,0.21319759,-0.11797732,9.72205
544411081026,0.2227795,-0.09881349,9.745405
544413604776,0.21319759,-0.12755923,9.759778
544416128526,0.23236142,-0.08444062,9.754988
544418652276,0.17486994,-0.08444062,9.72205
544421176026,0.21798855,-0.079649664,9.783134
544423699776,0.20361568,-0.10360444,9.759778
544426223526,0.15630497,-0.11318636,9.80649
544428747276,0.17486994,-0.11318636,9.741214
544431271026,0.20361568,-0.094022535,9.754988
544433794776,0.17966089,-0.094022535,9.792716
544436318526,0.20361568,-0.08444062,9.750196
544438842276,0.1658869,-0.08923157,9.745405
544441366026,0.17486994,-0.1419321,9.778343
544443889776,0.20840663,-0.11318636,9.750196
544446413526,0.21319759,-0.08444062,9.745405
544448937276,0.22757046,-0.08444062,9.787926
544451461026,0.20840663,-0.07006775,9.759778
544453984776,0.23715238,-0.094022535,9.754988
544456508526,0.20840663,-0.09881349,9.764569
544459032276,0.19882472,-0.060485832,9.684919
544461556026,0.20840663,-0.122768275,9.778343
544464079776,0.14672306,-0.108395405,9.769361
544466603526,0.18025976,-0.10360444,9.741214
544469127276,0.1658869,-0.08444062,9.736423
544471651026,0.19403376,-0.08444062,9.750196
544474174776,0.18025976,-0.08444062,9.741214
544476698526,0.17067784,-0.10360444,9.726841
544479222276,0.18984167,-0.08923157,9.769361
544481746026,0.21798855,-0.0748587,9.736423
544484269776,0.1754688,-0.079649664,9.703485
544486793526,0.19882472,-0.1419321,9.783134
544489317276,0.23236142,-0.15151402,9.764569
544491841026,0.24194333,-0.11318636,9.717258
544494364776,0.21319759,-0.0748587,9.769361
544496888526,0.18025976,-0.11318636,9.764569
544499412276,0.19463263,-0.07006775,9.684919
544501936026,0.21798855,-0.11797732,9.689112
544504459776,0.19942358,-0.11797732,9.713067
544506983526,0.1658869,-0.13714115,9.741214
544509507276,0.17067784,-0.11797732,9.764569
544512031026,0.18025976,-0.05090392,9.750196
544514554776,0.21319759,-0.11797732,9.703485
544517078526,0.2090055,-0.11318636,9.703485
544519602276,0.21319759,-0.055694874,9.778343
544522126026,0.20421454,-0.13235019,9.778343
544524649776,0.18505071,-0.094022535,9.72205
544527173526,0.15630497,-0.022158176,9.741214
544529697276,0.19942358,-0.11797732,9.750196
544532221026,0.2563162,-0.12755923,9.741214
544534744776,0.19463263,-0.060485832,9.741214
544537268526,0.18025976,-0.0748587,9.726841
544539792276,0.24194333,-0.0748587,9.675338
544542316026,0.20421454,-0.0748587,9.754988
544544839776,0.18984167,-0.041322004,9.80649
544547363526,0.23236142,-0.08444062,9.717258
544549887276,0.20421454,-0.11318636,9.693903
544552411026,0.18984167,-0.11318636,9.783134
544554934776,0.20421454,-0.05090392,9.72205
544557458526,0.19463263,-0.079649664,9.773553
544559982276,0.21379647,-0.079649664,9.745405
544562506026,0.18025976,-0.13235019,9.656174
544565029776,0.18984167,-0.122768275,9.731631
544567553526,0.2090055,-0.08444062,9.745405
544570077276,0.17067784,-0.0748587,9.698693
544572601026,0.22337838,-0.09881349,9.769361
544575124776,0.21858741,-0.08923157,9.736423
544577648526,0.23775125,-0.11318636,9.783134
544580172276,0.19942358,-0.11318636,9.754988
544582696026,0.19463263,-0.11318636,9.778343
544585219776,0.23775125,-0.122768275,9.717258
544587743526,0.23775125,-0.0748587,9.703485
544590267276,0.20421454,-0.0748587,9.717258
544592791026,0.2090055,-0.0748587,9.736423
544595314776,0.2090055,-0.060485832,9.745405
544597838526,0.18025976,-0.094022535,9.680129
544600362276,0.1754688,-0.08444062,9.72205
544602886026,0.2090055,-0.06527679,9.745405
544605409776,0.1658869,-0.09881349,9.764569
544607933526,0.19942358,-0.06527679,9.759778
544610457276,0.19942358,-0.07006775,9.820863
544612981026,0.1754688,-0.055694874,9.797507
544615504776,0.2090055,-0.08923157,9.703485
544618028526,0.2090055,-0.11318636,9.754988
544620552276,0.23296028,-0.11318636,9.769361
544623076026,0.22816934,-0.08923157,9.731631
544625599776,0.1754688,-0.11797732,9.769361
544628123526,0.19942358,-0.17606768,9.769361
544630647276,0.25212413,-0.12755923,9.750196
544633171026,0.19942358,-0.055694874,9.708276
544635694776,0.14672306,-0.0748587,9.754988
544638218526,0.21379647,-0.122768275,9.773553
544640742276,0.19942358,-0.08444062,9.731631
544643266026,0.17067784,-0.094022535,9.72205
544645789776,0.22816934,-0.10360444,9.72205
544648313526,0.23775125,-0.15630497,9.726841
544650837276,0.2090055,-0.11797732,9.750196
544653361026,0.15630497,-0.122768275,9.741214
544655884776,0.19463263,-0.08923157,9.745405
544658408526,0.2090055,-0.11318636,9.787926
544660932276,0.2425422,-0.03174009,9.783134
544663456026,0.18025976,-0.07006775,9.680129
544665979620,0.18025976,-0.07006775,9.726841
544668503265,0.21858741,-0.05090392,9.783134
544671026859,0.24733315,-0.09881349,9.778343
544673550453,0.22337838,-0.12755923,9.750196
544676074047,0.15630497,-0.09881349,9.745405
544678597640,0.18505071,-0.079649664,9.750196
544681121234,0.19463263,-0.041322004,9.708276
544683644880,0.18984167,-0.060485832,9.726841
544686168474,0.21379647,-0.108395405,9.754988
544688692068,0.17067784,-0.11797732,9.787926
544691215661,0.17067784,-0.122768275,9.764569
544693739255,0.21858741,-0.08923157,9.736423
544696262849,0.20421454,-0.055694874,9.703485
544698786495,0.1658869,-0.09881349,9.750196
544701310088,0.18025976,-0.11797732,9.797507
544703833682,0.19463263,-0.1419321,9.811281
544706357276,0.18505071,-0.07006775,9.754988
544708880870,0.19463263,-0.060485832,9.726841
544711404515,0.20421454,-0.08923157,9.731631
544713928109,0.2090055,-0.13235019,9.759778
544716451703,0.2090055,-0.094022535,9.717258
544718975297,0.19942358,-0.08923157,9.778343
544721498890,0.1754688,-0.094022535,9.741214
544724022484,0.19463263,-0.08444062,9.773553
544726546130,0.20421454,-0.08923157,9.787926
544729069724,0.2090055,-0.08923157,9.712468
544731593318,0.21379647,-0.108395405,9.745405
544734116911,0.22337838,-0.11318636,9.750196
544736640505,0.18025976,-0.06527679,9.745405
544739164099,0.19463263,-0.108395405,9.712468
544741687745,0.20421454,-0.07006775,9.726841
544744211338,0.21858741,-0.05090392,9.759778
544746734932,0.20421454,-0.055694874,9.778343
544749258526,0.17067784,-0.05090392,9.726841
544751782120,0.15630497,-0.11797732,9.754988
544754305713,0.16109593,-0.10360444,9.764569
544756829359,0.18984167,-0.021559307,9.754988
544759352953,0.19942358,-0.094022535,9.717258
544761876547,0.23296028,-0.08444062,9.708276
544764400140,0.22816934,-0.09881349,9.675338
544766923734,0.18984167,-0.13714115,9.745405
544769447380,0.23775125,-0.041322004,9.783134
544771970974,0.21379647,-0.108395405,9.731631
544774494568,0.19942358,-0.108395405,9.778343
544777018161,0.18025976,-0.0748587,9.736423
544779541755,0.19463263,-0.08923157,9.750196
544782065349,0.19463263,-0.094022535,9.680129
544784588995,0.21858741,-0.079649664,9.811281
544787112588,0.20421454,-0.079649664,9.741214
544789636182,0.2090055,-0.10360444,9.731631
544792159776,0.16109593,-0.08923157,9.778343
544794683370,0.22337838,-0.108395405,9.773553
544797206963,0.20421454,-0.14672306,9.745405
544799730609,0.18505071,-0.14672306,9.750196
544802254203,0.20421454,-0.11318636,9.764569
544804777797,0.19942358,-0.10360444,9.778343
544807301390,0.22337838,-0.122768275,9.726841
544809824984,0.21379647,-0.09881349,9.754988
544812348578,0.21379647,-0.079649664,9.783134
544814872224,0.21858741,-0.10360444,9.778343
544817395818,0.18025976,-0.09881349,9.754988
544819919411,0.1658869,-0.08444062,9.698693
544822443005,0.21379647,-0.13714115,9.759778
544824966599,0.20421454,-0.13235019,9.708276
544827490245,0.23296028,-0.07006775,9.754988
544830013838,0.1658869,-0.07006775,9.740615
544832537432,0.1754688,-0.094022535,9.740615
544835061026,0.18025976,-0.11318636,9.773553
544837584620,0.18984167,-0.079649664,9.698693
544840108213,0.2090055,-0.11318636,9.745405
544842631859,0.20421454,-0.0748587,9.783134
544845155453,0.19463263,-0.08444062,9.764569
544847679047,0.25691506,-0.10360444,9.769361
544850202640,0.2090055,-0.108395405,9.736423
544852726234,0.1754688,-0.046112962,9.754988
544855249828,0.19942358,-0.07006775,9.844219
544857773474,0.26170602,-0.041322004,9.750196
544860297068,0.23296028,-0.094022535,9.731631
544862820661,0.17067784,-0.08444062,9.717258
544865344255,0.1658869,-0.055694874,9.764569
544867867849,0.1754688,-0.08923157,9.825654
544870391443,0.22337838,-0.1419321,9.736423
544872915088,0.23296028,-0.13235019,9.745405
544875438682,0.22816934,-0.094022535,9.745405
544877962276,0.19942358,-0.0748587,9.731631
544880485870,0.19463263,-0.094022535,9.726841
544883009463,0.21379647,-0.08444062,9.778343
544885533109,0.19942358,-0.094022535,9.769361
544888056703,0.20421454,-0.094022535,9.769361
544890580297,0.2090055,-0.046112962,9.726841
544893103890,0.2090055,-0.041322004,9.783134
544895627484,0.21379647,-0.11797732,9.8017
544898151078,0.21858741,-0.046112962,9.773553
544900674724,0.20421454,-0.0748587,9.726841
544903198318,0.19463263,-0.108395405,9.736423
544905721911,0.18025976,-0.108395405,9.745405
544908245505,0.19942358,-0.079649664,9.773553
544910769099,0.19942358,-0.055694874,9.769361
544913292693,0.22816934,-0.09881349,9.72205
544915816338,0.23775125,-0.07006775,9.745405
544918339932,0.1658869,-0.13714115,9.726841
544920863526,0.18025976,-0.0748587,9.736423
544923387120,0.21858741,-0.06527679,9.72205
544925910713,0.18025976,-0.079649664,9.768762
544928434307,0.21858741,-0.07006775,9.754988
544930957953,0.21858741,-0.16109593,9.754988
544933481547,0.20421454,-0.10360444,9.754988
544936005140,0.18984167,-0.055694874,9.712468
544938528734,0.21858741,-0.0748587,9.768762
544941052328,0.21858741,-0.10360444,9.759778
544943575922,0.23296028,-0.10360444,9.745405
544946099568,0.21858741,-0.09881349,9.726841
544948623161,0.19942358,-0.0748587,9.717258
544951146755,0.20421454,-0.08444062,9.740615
544953670349,0.19942358,-0.055694874,9.768762
544956193943,0.22816934,-0.08444062,9.754988
544958717588,0.1754688,-0.11318636,9.778343
544961241182,0.19942358,-0.094022535,9.731631
544963764776,0.21858741,-0.108395405,9.740615
544966288370,0.23775125,-0.11318636,9.740615
544968811963,0.23775125,-0.05090392,9.764569
544971335557,0.21379647,-0.079649664,9.783134
544973859203,0.21379647,-0.15630497,9.764569
544976382797,0.21858741,-0.13235019,9.764569
544978906390,0.18025976,-0.07006775,9.72205
544981429984,0.2090055,-0.08444062,9.703485
544983953578,0.18505071,-0.079649664,9.783134
544986477172,0.18025976,-0.10360444,9.759778
544989000818,0.19942358,-0.10360444,9.736423
544991524411,0.2090055,-0.10360444,9.698693
544994048005,0.2425422,-0.11318636,9.712468
544996571599,0.19463263,-0.094022535,9.740615
544999095193,0.20421454,-0.094022535,9.670547
545001618786,0.20421454,-0.060485832,9.703485
545004142432,0.17067784,-0.03593218,9.764569
545006666026,0.18984167,-0.13714115,9.773553
545009189620,0.20421454,-0.07006775,9.764569
545011713213,0.2090055,-0.122768275,9.8017
545014236807,0.18984167,-0.11318636,9.731631
545016760453,0.18505071,-0.11318636,9.778343
545019284047,0.23775125,-0.11318636,9.745405
545021807640,0.21858741,-0.079649664,9.708276
545024331234,0.2090055,-0.10360444,9.740615
545026854828,0.22816934,-0.108395405,9.708276
545029378422,0.19942358,-0.094022535,9.759778
545031902068,0.1658869,-0.07006775,9.759778
545034425661,0.22337838,-0.12755923,9.726841
545036949255,0.21379647,-0.122768275,9.708276
545039472849,0.18984167,-0.094022535,9.783134
545041996443,0.19942358,-0.060485832,9.811281
545044520036,0.18505071,-0.108395405,9.703485
545047043682,0.19463263,-0.094022535,9.783134
545049567276,0.20421454,-0.060485832,9.750196
545052090870,0.18984167,-0.094022535,9.708276
545054614463,0.22816934,-0.15151402,9.717258
545057138057,0.19463263,-0.094022535,9.689112
545059661651,0.2090055,-0.05090392,9.792716
545062185297,0.21379647,-0.08444062,9.768762
545064708890,0.15630497,-0.10360444,9.759778
545067232484,0.20421454,-0.11797732,9.754988
545069756078,0.22816934,-0.05090392,9.726841
545072279672,0.21858741,-0.08923157,9.764569
545074803318,0.24733315,-0.108395405,9.712468
545077326911,0.18984167,-0.046112962,9.72205
545079850505,0.19942358,-0.09881349,9.754988
545082374099,0.18505071,-0.094022535,9.796908
545084897693,0.18505071,-0.09881349,9.796908
545087421286,0.19942358,-0.11318636,9.736423
545089944932,0.21379647,-0.046112962,9.759778
545092468526,0.23296028,-0.079649664,9.703485
545094992120,0.17067784,-0.12755923,9.712468
545097515713,0.20421454,-0.094022535,9.726841
545100039307,0.19463263,-0.094022535,9.740615
545102562901,0.20421454,-0.03593218,9.8017
545105086547,0.18025976,-0.08923157,9.754988
545107610140,0.21858741,-0.08444062,9.8017
545110133734,0.21858741,-0.05090392,9.778343
545112657328,0.25691506,-0.08923157,9.736423
545115180922,0.22337838,-0.07006775,9.829846
545117704515,0.2090055,-0.07006775,9.783134
545120228161,0.23775125,-0.094022535,9.726841
545122751755,0.21858741,-0.094022535,9.68432
545125275349,0.20421454,-0.108395405,9.72205
545127798943,0.21379647,-0.08444062,9.759778
545130322536,0.20421454,-0.08923157,9.740615
545132846182,0.21379647,-0.108395405,9.754988
545135369776,0.2090055,-0.094022535,9.736423
545137893370,0.2090055,-0.06527679,9.736423
545140416963,0.2425422,-0.11797732,9.731631
545142940557,0.2090055,-0.08444062,9.712468
545145464151,0.1754688,-0.07006775,9.712468
545147987797,0.21379647,-0.08444062,9.754988
545150511390,0.18984167,-0.108395405,9.759778
545153034984,0.21858741,-0.10360444,9.792716
545155558578,0.22337838,-0.1419321,9.825654
545158082172,0.18025976,-0.06527679,9.717258
545160605765,0.18505071,-0.08444062,9.764569
545163129411,0.19942358,-0.0748587,9.759778
545165652953,0.2090055,-0.11318636,9.773553
545168176651,0.17067784,-0.079649664,9.740615
545170700297,0.22337838,-0.094022535,9.750196
545173223995,0.2090055,-0.09881349,9.67953
545175747640,0.1658869,-0.079649664,9.754988
545178271338,0.19463263,-0.12755923,9.754988
545180795036,0.2090055,-0.060485832,9.750196
545183318682,0.2090055,-0.08444062,9.768762
545185842380,0.18984167,-0.1419321,9.783134
545188366026,0.18984167,-0.055694874,9.792716
545190889724,0.18984167,-0.07006775,9.726841
545193413370,0.20421454,-0.11797732,9.703485
545195937068,0.23296028,-0.079649664,9.745405
545198460713,0.18505071,-0.09881349,9.778343
545200984411,0.21858741,-0.05090392,9.726841
545203508057,0.23296028,-0.055694874,9.745405
545206031755,0.23775125,-0.11797732,9.768762
545208555401,0.1754688,-0.07006775,9.773553
545211079099,0.20421454,-0.08444062,9.735824
545213602745,0.21379647,-0.04551409,9.745405
545216126443,0.23296028,-0.09881349,9.740615
545218650088,0.20421454,-0.1419321,9.698693
545221173786,0.18025976,-0.055694874,9.731631
545223697432,0.18505071,-0.0748587,9.773553
545226221130,0.16109593,-0.09881349,9.707677
545228744776,0.19942358,-0.122768275,9.72205
545231268474,0.14672306,-0.08923157,9.787926
545233792120,0.2090055,-0.07006775,9.787926
545236315818,0.21858741,-0.10360444,9.735824
545238839463,0.22816934,-0.0748587,9.787926
545241363161,0.1754688,-0.10360444,9.768762
545243886807,0.18505071,-0.08444062,9.745405
545246410505,0.25212413,-0.094022535,9.689112
545248934151,0.22337838,-0.11797732,9.740615
545251457849,0.18505071,-0.0748587,9.759778
545253981495,0.1754688,-0.11318636,9.745405
545256505193,0.23296028,-0.094022535,9.717258
545259028838,0.2090055,-0.108395405,9.72205
545261552536,0.20421454,-0.079649664,9.712468
545264076182,0.23775125,-0.122768275,9.717258
545266599880,0.21858741,-0.108395405,9.754988
545269123526,0.21379647,-0.13235019,9.750196
545271647224,0.23296028,-0.06527679,9.717258
545274170870,0.18984167,-0.09881349,9.750196
545276694568,0.18984167,-0.11318636,9.783134
545279218213,0.23296028,-0.09881349,9.717258
545281741911,0.24733315,-0.08444062,9.712468
545284265557,0.21379647,-0.10360444,9.750196
545286789255,0.21379647,-0.11797732,9.754988
545289312953,0.18984167,-0.079649664,9.783134
545291836599,0.19942358,-0.11797732,9.759778
545294360297,0.20421454,-0.11797732,9.773553
545296883943,0.23296028,-0.10360444,9.717258
545299407640,0.18984167,-0.10360444,9.717258
545301931286,0.18984167,-0.079649664,9.731631
545304454984,0.20361568,-0.094022535,9.754988
545306978630,0.20361568,-0.10360444,9.708276
545309502328,0.18924281,-0.08923157,9.736423
545312025974,0.16528802,-0.079649664,9.783134
545314549672,0.23236142,-0.060485832,9.802299
545317073318,0.25152525,-0.08923157,9.764569
545319597015,0.22757046,-0.10360444,9.684919
545322120661,0.19403376,-0.022158176,9.750795
545324644359,0.20361568,-0.11318636,9.769361
545327168005,0.18924281,-0.08923157,9.754988
545329691703,0.19882472,-0.13714115,9.717857
545332215349,0.20361568,-0.094022535,9.759778
545334739047,0.21319759,-0.12755923,9.769361
545337262693,0.17486994,-0.060485832,9.759778
545339786390,0.18924281,-0.09881349,9.835236
545342310036,0.2227795,-0.11318636,9.764569
545344833734,0.20840663,-0.14253098,9.717857
545347357380,0.18445185,-0.09881349,9.713067
545349881078,0.19403376,-0.094022535,9.769361
545352404724,0.17007898,-0.108395405,9.792716
545354928422,0.15570611,-0.055694874,9.746004
545357452068,0.23236142,-0.06527679,9.774151
545359975765,0.21798855,-0.0748587,9.736423
545362499411,0.23236142,-0.0748587,9.750795
545365023109,0.19882472,-0.12755923,9.764569
545367546755,0.20361568,-0.06527679,9.746004
545370070453,0.23236142,-0.09881349,9.726841
545372594099,0.20840663,-0.079649664,9.708276
545375117797,0.20840663,-0.11797732,9.759778
545377641443,0.22757046,-0.11797732,9.736423
545380165140,0.20840663,-0.09881349,9.684919
545382688786,0.18445185,-0.079649664,9.741214
545385212484,0.24673429,-0.05090392,9.778942
545387736130,0.21798855,-0.10360444,9.684919
545390259828,0.18924281,-0.10360444,9.769361
545392783474,0.19882472,-0.11318636,9.746004
545395307172,0.18924281,-0.11318636,9.726841
545397830870,0.17007898,-0.11318636,9.750795
545400354515,0.19882472,-0.046112962,9.774151
545402878213,0.19403376,-0.08444062,9.746004
545405401859,0.18924281,-0.11797732,9.787926
545407925557,0.2658981,-0.122768275,9.750795
545410449203,0.17966089,-0.09881349,9.792716
545412972901,0.19403376,-0.06527679,9.787926
545415496547,0.22757046,-0.07006775,9.656773
545418020245,0.2227795,-0.05090392,9.726841
545420543890,0.15570611,-0.10360444,9.713067
545423067588,0.19403376,-0.10360444,9.717857
545425591234,0.2658981,-0.08444062,9.731631
545428114932,0.20840663,-0.11318636,9.769361
545430638578,0.20361568,-0.08923157,9.736423
545433162276,0.24194333,-0.11797732,9.754988
545435685922,0.19882472,-0.08444062,9.787926
545438209620,0.17486994,-0.079649664,9.750795
545440733265,0.20361568,-0.08923157,9.769361
545443256963,0.20840663,-0.09881349,9.736423
545445780609,0.25152525,-0.11318636,9.741214
545448304307,0.20361568,-0.060485832,9.769361
545450827953,0.16528802,-0.094022535,9.736423
545453351651,0.20361568,-0.07006775,9.759778
545455875297,0.17966089,-0.108395405,9.731631
545458398995,0.19882472,-0.05090392,9.731631
545460922640,0.18445185,-0.12755923,9.717857
545463446338,0.20840663,-0.108395405,9.769361
545465969984,0.21319759,-0.10360444,9.684919
545468493682,0.2227795,-0.09881349,9.774151
545471017328,0.24673429,-0.046112962,9.774151
545473541026,0.18445185,-0.060485832,9.670547
545476064672,0.21319759,-0.10360444,9.726841
545478588370,0.19882472,-0.08444062,9.774151
545481112015,0.19882472,-0.14253098,9.741214
545483635713,0.21319759,-0.08444062,9.774151
545486159359,0.21798855,-0.09881349,9.746004
545488683057,0.23715238,-0.079649664,9.754988
545491206703,0.16528802,-0.07006775,9.754988
545493730401,0.17486994,-0.079649664,9.802299
545496254047,0.20840663,-0.09881349,9.774151
545498777745,0.21319759,-0.060485832,9.787926
545501301390,0.22757046,-0.11318636,9.754988
545503825088,0.21319759,-0.11797732,9.623835
545506348786,0.19882472,-0.10360444,9.665756
545508872432,0.19882472,-0.11797732,9.713067
545511396130,0.18445185,-0.122768275,9.759778
545513919776,0.17486994,-0.108395405,9.759778
545516443474,0.17486994,-0.08444062,9.792716
545518967120,0.17007898,-0.05090392,9.769361
545521490818,0.21798855,-0.09881349,9.717857
545524014463,0.16049707,-0.08923157,9.680129
545526538161,0.18924281,-0.05090392,9.665756
545529061807,0.18924281,-0.07006775,9.759778
545531585505,0.16528802,-0.108395405,9.759778
545534109151,0.18445185,-0.09881349,9.769361
545536632849,0.23236142,-0.046112962,9.764569
545539156495,0.21798855,-0.122768275,9.713067
545541680193,0.22757046,-0.12755923,9.726841
545544203838,0.17966089,-0.09881349,9.797507
545546727536,0.15570611,-0.08444062,9.787926
545549251182,0.17486994,-0.12755923,9.693903
545551774880,0.17966089,-0.122768275,9.703485
545554298526,0.19882472,-0.09881349,9.774151
545556822224,0.21319759,-0.10360444,9.764569
545559345870,0.13654228,-0.12755923,9.717857
545561869568,0.18445185,-0.13235019,9.759778
545564393213,0.18924281,-0.079649664,9.754988
545566916911,0.26110715,-0.108395405,9.746004
545569440557,0.2227795,-0.10360444,9.783134
545571964255,0.18445185,-0.07006775,9.759778
545574487901,0.19403376,-0.10360444,9.759778
545577011599,0.19403376,-0.12755923,9.717857
545579535245,0.19403376,-0.13774002,9.802299
545582058943,0.19403376,-0.108395405,9.731631
545584582588,0.19403376,-0.08444062,9.754988
545587106286,0.19882472,-0.08923157,9.802299
545589629932,0.20361568,-0.08923157,9.783134
545592153630,0.18445185,-0.094022535,9.741214
545594677276,0.18924281,-0.14253098,9.764569
545597200974,0.20361568,-0.11797732,9.693903
545599724620,0.2227795,-0.08923157,9.774151
545602248318,0.18924281,-0.094022535,9.787926
545604771963,0.20840663,-0.06527679,9.802299
545607295661,0.23236142,-0.060485832,9.713067
545609819307,0.19403376,-0.08444062,9.713067
545612343005,0.20361568,-0.036531046,9.778942
545614866703,0.21319759,-0.06527679,9.750795
545617390349,0.17007898,-0.11318636,9.746004
545619914047,0.20840663,-0.055694874,9.750795
545622437693,0.20840663,-0.09881349,9.778942
545624961390,0.16049707,-0.11797732,9.816072
545627485036,0.17486994,-0.08923157,9.746004
545630008734,0.19403376,-0.079649664,9.713067
545632532380,0.2227795,-0.060485832,9.741214
545635056078,0.21798855,-0.094022535,9.759778
545637579724,0.2227795,-0.079649664,9.731631
545640103422,0.17486994,-0.10360444,9.675338
545642627068,0.15570611,-0.094022535,9.703485
545645150765,0.18924281,-0.079649664,9.769361
545647674411,0.22757046,-0.046112962,9.802299
545650198109,0.21319759,-0.060485832,9.759778
545652721755,0.22757046,-0.08444062,9.736423
545655245453,0.19403376,-0.07006775,9.750795
545657769099,0.18924281,-0.08923157,9.754988
545660292797,0.19403376,-0.08444062,9.759778
545662816443,0.21319759,-0.0748587,9.820863
545665340140,0.22757046,-0.094022535,9.754988
545667863786,0.2227795,-0.12755923,9.741214
545670387484,0.17486994,-0.08444062,9.778942
545672911182,0.15570611,-0.0748587,9.754988
545675434880,0.19403376,-0.11318636,9.750795
545677958578,0.19882472,-0.11318636,9.759778
545680482224,0.20361568,-0.05090392,9.802299
545683005922,0.24194333,-0.094022535,9.726841
545685529620,0.18924281,-0.094022535,9.689711
545688053318,0.20840663,-0.12755923,9.774151
545690576963,0.21319759,-0.0748587,9.764569
545693100661,0.18924281,-0.09881349,9.759778
545695624359,0.18445185,-0.11318636,9.750795
545698148057,0.21319759,-0.060485832,9.750795
545700671703,0.16528802,-0.07006775,9.717857
545703195401,0.17007898,-0.08444062,9.689711
545705719099,0.18445185,-0.08444062,9.750795
545708242797,0.19882472,-0.08923157,9.694502
545710766443,0.19403376,-0.079649664,9.708276
545713290140,0.21798855,-0.05090392,9.764569
